site,country,title,price_jpy,review_count,seller_badge,search_position,monthly_sold_count,is_bestseller,bestseller_rank,validity,usage_validity,activation_validity,network_type,network_generation,network_generation_inferred,network_generation_confidence,carrier_support_local,carrier_support_kr,data_amount,product_url,asin,site_product_id,seller,brand,evidence
qoo10_jp,hk,【香港 eSIM データ無制限】香港 eSIM 正規eSIM 超高速 1日間 データ無制限 eSIM 1日間 無制限 QRコードで 香港 esim 1日間 esim 香港,460,7,Good seller,2,,,,1일,1일,3일,local,unknown,unknown,low,,"{""skt"": true, ""kt"": null, ""lgu"": null}",unlimited,https://www.qoo10.jp/item/%e9%a6%99%e6%b8%af-ESIM-%e3%83%87%e3%83%bc%e3%82%bf%e7%84%a1%e5%88%b6%e9%99%90-%e9%a6%99%e6%b8%af-ESIM-%e6%ad%a3%e8%a6%8fESIM-%e8%b6%85%e9%ab%98%e9%80%9f-1%e6%97%a5%e9%96%93-%e3%83%87%e3%83%bc%e3%82%bf%e7%84%a1%e5%88%b6%e9%99%90-ESIM-1%e6%97%a5%e9%96%93-%e7%84%a1%e5%88%b6%e9%99%90-QR%e3%82%b3%e3%83%bc%e3%83%89%e3%81%a7/1180496571,,1180496571,正規eSIM 即時対応 100万枚突破 ...,,"{""title"": [""【香港 eSIM データ無制限】香港 eSIM 正規eSIM 超高速 1日間 データ無制限 eSIM 1日間 無制限 QRコードで 香港 esim 1日間 esim 香港""], ""option_candidates"": [""1日 香港（超高速無制限のトラフィック） - 数量 : 999915""], ""representative_option"": [""1日 香港（超高速無制限のトラフィック） - 数量 : 999915"", ""title_match_score=8""], ""price_jpy"": [""販売価格 460円 + option surcharge 0"", ""1日 香港（超高速無制限のトラフィック） - 数量 : 999915""], ""usage_validity"": [""1日 香港（超高速無制限のトラフィック） - 数量 : 999915""], ""activation_validity"": [""【SKTelecoｍ公式認証】韓国eSIM 3日間(72時間) 電話番号付き 超高速データ無制限 最初の5分発信無料(韓国国内) LINE即日発行 ご購入日より120日以内 韓国SIM 1,980円 1,680円 4.9 (35,807)""], ""data_amount"": [""1日 香港（超高速無制限のトラフィック） - 数量 : 999915""], ""network_type"": [""qoo10_local_signal: 【SKTelecoｍ公式認証】韓国eSIM 3日間(72時間) 電話番号付き 超高速データ無制限 最初の5分発信無料(韓国国内) LINE即日発行 ご購入日より120日以内 韓国SIM 1,980円 1,680円 4.9 (35,807)""], ""carrier_support_kr"": [""【SKTelecoｍ公式認証】韓国eSIM 3日間(72時間) 電話番号付き 超高速データ無制限 最初の5分発信無料(韓国国内) LINE即日発行 ご購入日より120日以内 韓国SIM 1,980円 1,680円 4.9 (35,807)""], ""seller"": [""正規eSIM 即時対応 100万枚突破 ...""], ""review_count"": [""search_result: 7""], ""seller_badge"": [""search_result: Good seller""], ""network_generation"": [""fallback_5g: network_generation: fallback_5g: network_generation: no_lte_4g_or_5g_keyword_matched"", ""fallback_4g_lte: network_generation: fallback_5g: network_generation: no_lte_4g_or_5g_keyword_matched"", ""fallback_only_network_generation_signal""], ""network_generation_inferred"": [""no_medium_generation_signal""]}"
qoo10_jp,hk,香港eSIM マカオeSIM 安心の日本企業 4日間 無制限 低速なし 日本人スタッフによるLINEサポート(お急ぎの方相談可) 最短即日発行 有効期限90日 パスポート番号不要 データ通信専用,1190,33,Power seller,3,,,,4일,4일,90일,local,unknown,unknown,low,,"{""skt"": true, ""kt"": null, ""lgu"": null}",unlimited,https://www.qoo10.jp/item/%e9%a6%99%e6%b8%afESIM-%e3%83%9e%e3%82%ab%e3%82%aaESIM-%e5%ae%89%e5%bf%83%e3%81%ae%e6%97%a5%e6%9c%ac%e4%bc%81%e6%a5%ad-4%e6%97%a5%e9%96%93-%e7%84%a1%e5%88%b6%e9%99%90-%e4%bd%8e%e9%80%9f%e3%81%aa%e3%81%97-%e6%97%a5%e6%9c%ac%e4%ba%ba%e3%82%b9%e3%82%bf%e3%83%83%e3%83%95%e3%81%ab%e3%82%88%e3%82%8bLINE%e3%82%b5%e3%83%9d%e3%83%bc%e3%83%88-%e3%81%8a%e6%80%a5%e3%81%8e%e3%81%ae%e6%96%b9%e7%9b%b8%e8%ab%87%e5%8f%af/1115538983,,1115538983,いーしむさん,,"{""title"": [""香港eSIM マカオeSIM 安心の日本企業 4日間 無制限 低速なし 日本人スタッフによるLINEサポート(お急ぎの方相談可) 最短即日発行 有効期限90日 パスポート番号不要 データ通信専用""], ""price_jpy"": [""販売価格 1,190円""], ""usage_validity"": [""香港eSIM マカオeSIM 安心の日本企業 4日間 無制限 低速なし 日本人スタッフによるLINEサポート(お急ぎの方相談可) 最短即日発行 有効期限90日 パスポート番号不要 データ通信専用""], ""activation_validity"": [""香港eSIM マカオeSIM 安心の日本企業 4日間 無制限 低速なし 日本人スタッフによるLINEサポート(お急ぎの方相談可) 最短即日発行 有効期限90日 パスポート番号不要 データ通信専用""], ""data_amount"": [""香港eSIM マカオeSIM 安心の日本企業 4日間 無制限 低速なし 日本人スタッフによるLINEサポート(お急ぎの方相談可) 最短即日発行 有効期限90日 パスポート番号不要 データ通信専用""], ""network_type"": [""qoo10_local_signal: 【SKTelecoｍ公式認証】韓国eSIM 3日間(72時間) 電話番号付き 超高速データ無制限 最初の5分発信無料(韓国国内) LINE即日発行 ご購入日より120日以内 韓国SIM 1,980円 1,680円 4.9 (35,807)""], ""carrier_support_kr"": [""【SKTelecoｍ公式認証】韓国eSIM 3日間(72時間) 電話番号付き 超高速データ無制限 最初の5分発信無料(韓国国内) LINE即日発行 ご購入日より120日以内 韓国SIM 1,980円 1,680円 4.9 (35,807)""], ""seller"": [""いーしむさん""], ""review_count"": [""search_result: 33""], ""seller_badge"": [""search_result: Power seller""], ""network_generation"": [""fallback_5g: network_generation: fallback_5g: network_generation: no_lte_4g_or_5g_keyword_matched"", ""fallback_4g_lte: network_generation: fallback_5g: network_generation: no_lte_4g_or_5g_keyword_matched"", ""fallback_only_network_generation_signal""], ""network_generation_inferred"": [""no_medium_generation_signal""]}"
qoo10_jp,hk,【台湾 香港 マカオ eSIM データ無制限】3-10日間 eSIM 正規eSIM 超高速 データ無制限 eSIM 無制限 QRコードで 台湾 esim esim 香港 マカオ esim,840,,Good seller,4,,,,3일,3일,3일,unknown,unknown,unknown,low,,"{""skt"": true, ""kt"": null, ""lgu"": null}",unlimited,https://www.qoo10.jp/item/%e5%8f%b0%e6%b9%be-%e9%a6%99%e6%b8%af-%e3%83%9e%e3%82%ab%e3%82%aa-ESIM-%e3%83%87%e3%83%bc%e3%82%bf%e7%84%a1%e5%88%b6%e9%99%90-3-10%e6%97%a5%e9%96%93-ESIM-%e6%ad%a3%e8%a6%8fESIM-%e8%b6%85%e9%ab%98%e9%80%9f-%e3%83%87%e3%83%bc%e3%82%bf%e7%84%a1%e5%88%b6%e9%99%90-ESIM-%e7%84%a1%e5%88%b6%e9%99%90/1191146521,,1191146521,正規eSIM 即時対応 100万枚突破 ...,,"{""title"": [""【台湾 香港 マカオ eSIM データ無制限】3-10日間 eSIM 正規eSIM 超高速 データ無制限 eSIM 無制限 QRコードで 台湾 esim esim 香港 マカオ esim""], ""price_jpy"": [""販売価格 840円""], ""usage_validity"": [""【台湾 香港 マカオ eSIM データ無制限】3-10日間 eSIM 正規eSIM 超高速 データ無制限 eSIM 無制限 QRコードで 台湾 esim esim 香港 マカオ esim""], ""activation_validity"": [""【SKTelecoｍ公式認証】韓国eSIM 3日間(72時間) 電話番号付き 超高速データ無制限 最初の5分発信無料(韓国国内) LINE即日発行 ご購入日より120日以内 韓国SIM 1,980円 1,680円 4.9 (35,807)""], ""data_amount"": [""【台湾 香港 マカオ eSIM データ無制限】3-10日間 eSIM 正規eSIM 超高速 データ無制限 eSIM 無制限 QRコードで 台湾 esim esim 香港 マカオ esim""], ""network_type"": [""qoo10_local_signal: 【SKTelecoｍ公式認証】韓国eSIM 3日間(72時間) 電話番号付き 超高速データ無制限 最初の5分発信無料(韓国国内) LINE即日発行 ご購入日より120日以内 韓国SIM 1,980円 1,680円 4.9 (35,807)"", ""local_claim_refers_to:tw""], ""carrier_support_kr"": [""【SKTelecoｍ公式認証】韓国eSIM 3日間(72時間) 電話番号付き 超高速データ無制限 最初の5分発信無料(韓国国内) LINE即日発行 ご購入日より120日以内 韓国SIM 1,980円 1,680円 4.9 (35,807)""], ""seller"": [""正規eSIM 即時対応 100万枚突破 ...""], ""seller_badge"": [""search_result: Good seller""], ""network_generation"": [""fallback_5g: network_generation: fallback_5g: network_generation: no_lte_4g_or_5g_keyword_matched"", ""fallback_4g_lte: network_generation: fallback_5g: network_generation: no_lte_4g_or_5g_keyword_matched"", ""fallback_only_network_generation_signal""], ""network_generation_inferred"": [""no_medium_generation_signal""]}"
qoo10_jp,hk,香港eSIM マカオeSIM 安心の日本企業 1日間 無制限 低速なし 日本人スタッフによるLINEサポート(お急ぎの方相談可) 最短即日発行 有効期限90日 パスポート番号不要 データ通信専用,490,1,Power seller,5,,,,1일,1일,90일,local,unknown,unknown,low,,"{""skt"": true, ""kt"": null, ""lgu"": null}",unlimited,https://www.qoo10.jp/item/%e9%a6%99%e6%b8%afESIM-%e3%83%9e%e3%82%ab%e3%82%aaESIM-%e5%ae%89%e5%bf%83%e3%81%ae%e6%97%a5%e6%9c%ac%e4%bc%81%e6%a5%ad-1%e6%97%a5%e9%96%93-%e7%84%a1%e5%88%b6%e9%99%90-%e4%bd%8e%e9%80%9f%e3%81%aa%e3%81%97-%e6%97%a5%e6%9c%ac%e4%ba%ba%e3%82%b9%e3%82%bf%e3%83%83%e3%83%95%e3%81%ab%e3%82%88%e3%82%8bLINE%e3%82%b5%e3%83%9d%e3%83%bc%e3%83%88-%e3%81%8a%e6%80%a5%e3%81%8e%e3%81%ae%e6%96%b9%e7%9b%b8%e8%ab%87%e5%8f%af/1117852515,,1117852515,いーしむさん,,"{""title"": [""香港eSIM マカオeSIM 安心の日本企業 1日間 無制限 低速なし 日本人スタッフによるLINEサポート(お急ぎの方相談可) 最短即日発行 有効期限90日 パスポート番号不要 データ通信専用""], ""price_jpy"": [""販売価格 490円""], ""usage_validity"": [""香港eSIM マカオeSIM 安心の日本企業 1日間 無制限 低速なし 日本人スタッフによるLINEサポート(お急ぎの方相談可) 最短即日発行 有効期限90日 パスポート番号不要 データ通信専用""], ""activation_validity"": [""香港eSIM マカオeSIM 安心の日本企業 1日間 無制限 低速なし 日本人スタッフによるLINEサポート(お急ぎの方相談可) 最短即日発行 有効期限90日 パスポート番号不要 データ通信専用""], ""data_amount"": [""香港eSIM マカオeSIM 安心の日本企業 1日間 無制限 低速なし 日本人スタッフによるLINEサポート(お急ぎの方相談可) 最短即日発行 有効期限90日 パスポート番号不要 データ通信専用""], ""network_type"": [""qoo10_local_signal: 【SKTelecoｍ公式認証】韓国eSIM 3日間(72時間) 電話番号付き 超高速データ無制限 最初の5分発信無料(韓国国内) LINE即日発行 ご購入日より120日以内 韓国SIM 1,980円 1,680円 4.9 (35,807)""], ""carrier_support_kr"": [""【SKTelecoｍ公式認証】韓国eSIM 3日間(72時間) 電話番号付き 超高速データ無制限 最初の5分発信無料(韓国国内) LINE即日発行 ご購入日より120日以内 韓国SIM 1,980円 1,680円 4.9 (35,807)""], ""seller"": [""いーしむさん""], ""review_count"": [""search_result: 1""], ""seller_badge"": [""search_result: Power seller""], ""network_generation"": [""fallback_5g: network_generation: fallback_5g: network_generation: no_lte_4g_or_5g_keyword_matched"", ""fallback_4g_lte: network_generation: fallback_5g: network_generation: no_lte_4g_or_5g_keyword_matched"", ""fallback_only_network_generation_signal""], ""network_generation_inferred"": [""no_medium_generation_signal""]}"
qoo10_jp,hk,香港 eSIM マカオ eSIM 正規eSIM 超高速6-10日 データ無制限 香港eSIM 6-10日間 無制限 QRコードで esim香港 8日間 9日間 10日間 6日間 7日 簡単登録eSIM,2750,,Power seller,6,,,,10일,10일,6일,local,unknown,unknown,low,,"{""skt"": true, ""kt"": null, ""lgu"": null}",unlimited,https://www.qoo10.jp/item/%e9%a6%99%e6%b8%af-ESIM-%e3%83%9e%e3%82%ab%e3%82%aa-ESIM-%e6%ad%a3%e8%a6%8fESIM-%e8%b6%85%e9%ab%98%e9%80%9f6-10%e6%97%a5-%e3%83%87%e3%83%bc%e3%82%bf%e7%84%a1%e5%88%b6%e9%99%90-%e9%a6%99%e6%b8%afESIM-6-10%e6%97%a5%e9%96%93-%e7%84%a1%e5%88%b6%e9%99%90-QR%e3%82%b3%e3%83%bc%e3%83%89%e3%81%a7/1187699958,,1187699958,正規eSIM 即時対応 180万枚突破 ...,,"{""title"": [""香港 eSIM マカオ eSIM 正規eSIM 超高速6-10日 データ無制限 香港eSIM 6-10日間 無制限 QRコードで esim香港 8日間 9日間 10日間 6日間 7日 簡単登録eSIM""], ""option_candidates"": [""6日 香港 マカオ（超高速無制限のトラフィック） - 数量 : 999994"", ""7日 香港 マカオ（超高速無制限のトラフィック）(+150円) - 数量 : 999997"", ""8日 香港 マカオ（超高速無制限のトラフィック）(+700円) - 数量 : 999999""], ""representative_option"": [""10日 香港 マカオ （超高速無制限のトラフィック）(+900円) - 数量 : 999999"", ""title_match_score=8""], ""price_jpy"": [""販売価格 1,850円 + option surcharge 900"", ""10日 香港 マカオ （超高速無制限のトラフィック）(+900円) - 数量 : 999999""], ""usage_validity"": [""10日 香港 マカオ （超高速無制限のトラフィック）(+900円) - 数量 : 999999""], ""activation_validity"": [""香港 eSIM マカオ eSIM 正規eSIM 超高速6-10日 データ無制限 香港eSIM 6-10日間 無制限 QRコードで esim香港 8日間 9日間 10日間 6日間 7日 簡単登録eSIM""], ""data_amount"": [""10日 香港 マカオ （超高速無制限のトラフィック）(+900円) - 数量 : 999999""], ""network_type"": [""qoo10_local_signal: 【SKTelecoｍ公式認証】韓国eSIM 3日間(72時間) 電話番号付き 超高速データ無制限 最初の5分発信無料(韓国国内) LINE即日発行 ご購入日より120日以内 韓国SIM 1,980円 1,680円 4.9 (35,807)""], ""carrier_support_kr"": [""【SKTelecoｍ公式認証】韓国eSIM 3日間(72時間) 電話番号付き 超高速データ無制限 最初の5分発信無料(韓国国内) LINE即日発行 ご購入日より120日以内 韓国SIM 1,980円 1,680円 4.9 (35,807)""], ""seller"": [""正規eSIM 即時対応 180万枚突破 ...""], ""seller_badge"": [""search_result: Power seller""], ""network_generation"": [""fallback_5g: network_generation: fallback_5g: network_generation: no_lte_4g_or_5g_keyword_matched"", ""fallback_4g_lte: network_generation: fallback_5g: network_generation: no_lte_4g_or_5g_keyword_matched"", ""fallback_only_network_generation_signal""], ""network_generation_inferred"": [""no_medium_generation_signal""]}"
qoo10_jp,hk,【香港 eSIM データ無制限】香港 eSIM 正規eSIM 超高速 4日間 データ無制限 eSIM 4日間 無制限 QRコードで 香港 esim 4日間 esim 香港,1100,,Good seller,8,,,,4일,4일,4일,local,unknown,unknown,low,,"{""skt"": true, ""kt"": null, ""lgu"": null}",unlimited,https://www.qoo10.jp/item/%e9%a6%99%e6%b8%af-ESIM-%e3%83%87%e3%83%bc%e3%82%bf%e7%84%a1%e5%88%b6%e9%99%90-%e9%a6%99%e6%b8%af-ESIM-%e6%ad%a3%e8%a6%8fESIM-%e8%b6%85%e9%ab%98%e9%80%9f-4%e6%97%a5%e9%96%93-%e3%83%87%e3%83%bc%e3%82%bf%e7%84%a1%e5%88%b6%e9%99%90-ESIM-4%e6%97%a5%e9%96%93-%e7%84%a1%e5%88%b6%e9%99%90-QR%e3%82%b3%e3%83%bc%e3%83%89%e3%81%a7/1180497051,,1180497051,正規eSIM 即時対応 100万枚突破 ...,,"{""title"": [""【香港 eSIM データ無制限】香港 eSIM 正規eSIM 超高速 4日間 データ無制限 eSIM 4日間 無制限 QRコードで 香港 esim 4日間 esim 香港""], ""option_candidates"": [""4日 香港（超高速無制限のトラフィック） - 数量 : 999998""], ""representative_option"": [""4日 香港（超高速無制限のトラフィック） - 数量 : 999998"", ""title_match_score=8""], ""price_jpy"": [""販売価格 1,100円 + option surcharge 0"", ""4日 香港（超高速無制限のトラフィック） - 数量 : 999998""], ""usage_validity"": [""4日 香港（超高速無制限のトラフィック） - 数量 : 999998""], ""activation_validity"": [""【香港 eSIM データ無制限】香港 eSIM 正規eSIM 超高速 4日間 データ無制限 eSIM 4日間 無制限 QRコードで 香港 esim 4日間 esim 香港""], ""data_amount"": [""4日 香港（超高速無制限のトラフィック） - 数量 : 999998""], ""network_type"": [""qoo10_local_signal: 【SKTelecoｍ公式認証】韓国eSIM 3日間(72時間) 電話番号付き 超高速データ無制限 最初の5分発信無料(韓国国内) LINE即日発行 ご購入日より120日以内 韓国SIM 1,980円 1,680円 4.9 (35,807)""], ""carrier_support_kr"": [""【SKTelecoｍ公式認証】韓国eSIM 3日間(72時間) 電話番号付き 超高速データ無制限 最初の5分発信無料(韓国国内) LINE即日発行 ご購入日より120日以内 韓国SIM 1,980円 1,680円 4.9 (35,807)""], ""seller"": [""正規eSIM 即時対応 100万枚突破 ...""], ""seller_badge"": [""search_result: Good seller""], ""network_generation"": [""fallback_5g: network_generation: fallback_5g: network_generation: no_lte_4g_or_5g_keyword_matched"", ""fallback_4g_lte: network_generation: fallback_5g: network_generation: no_lte_4g_or_5g_keyword_matched"", ""fallback_only_network_generation_signal""], ""network_generation_inferred"": [""no_medium_generation_signal""]}"
qoo10_jp,hk,【共通して用 中国/香港/マカオ】 eSIM 正規eSIM 超高速4日間 データ無制限 無制限 QRコードで eSIM 4日間 eSIM中国 eSIM 中国 中国eSIM 中国 eSIM,1390,,Good seller,10,,,,3일,3일,4일,unknown,unknown,unknown,low,,"{""skt"": true, ""kt"": null, ""lgu"": null}",unlimited,https://www.qoo10.jp/item/%e5%85%b1%e9%80%9a%e3%81%97%e3%81%a6%e7%94%a8-%e4%b8%ad%e5%9b%bd-%e9%a6%99%e6%b8%af-%e3%83%9e%e3%82%ab%e3%82%aa-ESIM-%e6%ad%a3%e8%a6%8fESIM-%e8%b6%85%e9%ab%98%e9%80%9f4%e6%97%a5%e9%96%93-%e3%83%87%e3%83%bc%e3%82%bf%e7%84%a1%e5%88%b6%e9%99%90-%e7%84%a1%e5%88%b6%e9%99%90-QR%e3%82%b3%e3%83%bc%e3%83%89%e3%81%a7-ESIM-4%e6%97%a5%e9%96%93/1187430543,,1187430543,正規eSIM 即時対応 100万枚突破 ...,,"{""title"": [""【共通して用 中国/香港/マカオ】 eSIM 正規eSIM 超高速4日間 データ無制限 無制限 QRコードで eSIM 4日間 eSIM中国 eSIM 中国 中国eSIM 中国 eSIM""], ""price_jpy"": [""販売価格 1,390円""], ""usage_validity"": [""【SKTelecoｍ公式認証】韓国eSIM 3日間(72時間) 電話番号付き 超高速データ無制限 最初の5分発信無料(韓国国内) LINE即日発行 ご購入日より120日以内 韓国SIM 1,980円 1,680円 4.9 (35,807)""], ""activation_validity"": [""【共通して用 中国/香港/マカオ】 eSIM 正規eSIM 超高速4日間 データ無制限 無制限 QRコードで eSIM 4日間 eSIM中国 eSIM 中国 中国eSIM 中国 eSIM""], ""data_amount"": [""【共通して用 中国/香港/マカオ】 eSIM 正規eSIM 超高速4日間 データ無制限 無制限 QRコードで eSIM 4日間 eSIM中国 eSIM 中国 中国eSIM 中国 eSIM""], ""network_type"": [""qoo10_local_signal: 【SKTelecoｍ公式認証】韓国eSIM 3日間(72時間) 電話番号付き 超高速データ無制限 最初の5分発信無料(韓国国内) LINE即日発行 ご購入日より120日以内 韓国SIM 1,980円 1,680円 4.9 (35,807)"", ""local_claim_refers_to:cn""], ""carrier_support_kr"": [""【SKTelecoｍ公式認証】韓国eSIM 3日間(72時間) 電話番号付き 超高速データ無制限 最初の5分発信無料(韓国国内) LINE即日発行 ご購入日より120日以内 韓国SIM 1,980円 1,680円 4.9 (35,807)""], ""seller"": [""正規eSIM 即時対応 100万枚突破 ...""], ""seller_badge"": [""search_result: Good seller""], ""network_generation"": [""fallback_5g: network_generation: fallback_5g: network_generation: no_lte_4g_or_5g_keyword_matched"", ""fallback_4g_lte: network_generation: fallback_5g: network_generation: no_lte_4g_or_5g_keyword_matched"", ""fallback_only_network_generation_signal""], ""network_generation_inferred"": [""no_medium_generation_signal""]}"
qoo10_jp,hk,【香港・マカオ eSIM】利用日数を簡単設定共通して用いられるeSIM 20 日間 超高速データ無制限オンラインサービスにて納品 簡単登録 eSIM,10999,,General seller,11,,,,20일,20일,20일,local,unknown,unknown,low,,"{""skt"": true, ""kt"": null, ""lgu"": null}",unlimited,https://www.qoo10.jp/item/%e9%a6%99%e6%b8%af%e3%83%bb%e3%83%9e%e3%82%ab%e3%82%aa-ESIM-%e5%88%a9%e7%94%a8%e6%97%a5%e6%95%b0%e3%82%92%e7%b0%a1%e5%8d%98%e8%a8%ad%e5%ae%9a%e5%85%b1%e9%80%9a%e3%81%97%e3%81%a6%e7%94%a8%e3%81%84%e3%82%89%e3%82%8c%e3%82%8bESIM-20-%e6%97%a5%e9%96%93-%e8%b6%85%e9%ab%98%e9%80%9f%e3%83%87%e3%83%bc%e3%82%bf%e7%84%a1%e5%88%b6%e9%99%90%e3%82%aa%e3%83%b3%e3%83%a9%e3%82%a4%e3%83%b3%e3%82%b5%e3%83%bc%e3%83%93%e3%82%b9%e3%81%ab%e3%81%a6%e7%b4%8d%e5%93%81/1172146441,,1172146441,Travel,,"{""title"": [""【香港・マカオ eSIM】利用日数を簡単設定共通して用いられるeSIM 20 日間 超高速データ無制限オンラインサービスにて納品 簡単登録 eSIM""], ""option_candidates"": [""20日(超高速無限データ)""], ""representative_option"": [""20日(超高速無限データ)"", ""title_match_score=8""], ""price_jpy"": [""販売価格 10,999円 + option surcharge 0"", ""20日(超高速無限データ)""], ""usage_validity"": [""20日(超高速無限データ)""], ""activation_validity"": [""【香港・マカオ eSIM】利用日数を簡単設定共通して用いられるeSIM 20 日間 超高速データ無制限オンラインサービスにて納品 簡単登録 eSIM""], ""data_amount"": [""20日(超高速無限データ)""], ""network_type"": [""qoo10_local_signal: 【SKTelecoｍ公式認証】韓国eSIM 3日間(72時間) 電話番号付き 超高速データ無制限 最初の5分発信無料(韓国国内) LINE即日発行 ご購入日より120日以内 韓国SIM 1,980円 1,680円 4.9 (35,807)""], ""carrier_support_kr"": [""【SKTelecoｍ公式認証】韓国eSIM 3日間(72時間) 電話番号付き 超高速データ無制限 最初の5分発信無料(韓国国内) LINE即日発行 ご購入日より120日以内 韓国SIM 1,980円 1,680円 4.9 (35,807)""], ""seller"": [""Travel""], ""seller_badge"": [""search_result: General seller""], ""network_generation"": [""fallback_5g: network_generation: fallback_5g: network_generation: no_lte_4g_or_5g_keyword_matched"", ""fallback_4g_lte: network_generation: fallback_5g: network_generation: no_lte_4g_or_5g_keyword_matched"", ""fallback_only_network_generation_signal""], ""network_generation_inferred"": [""no_medium_generation_signal""]}"
qoo10_jp,hk,【香港・マカオ eSIM】利用日数を簡単設定共通して用いられるeSIM 30 日間 超高速データ無制限オンラインサービスにて納品 簡単登録 eSIM,12990,,General seller,12,,,,30일,30일,30일,local,unknown,unknown,low,,"{""skt"": true, ""kt"": null, ""lgu"": null}",unlimited,https://www.qoo10.jp/item/%e9%a6%99%e6%b8%af%e3%83%bb%e3%83%9e%e3%82%ab%e3%82%aa-ESIM-%e5%88%a9%e7%94%a8%e6%97%a5%e6%95%b0%e3%82%92%e7%b0%a1%e5%8d%98%e8%a8%ad%e5%ae%9a%e5%85%b1%e9%80%9a%e3%81%97%e3%81%a6%e7%94%a8%e3%81%84%e3%82%89%e3%82%8c%e3%82%8bESIM-30-%e6%97%a5%e9%96%93-%e8%b6%85%e9%ab%98%e9%80%9f%e3%83%87%e3%83%bc%e3%82%bf%e7%84%a1%e5%88%b6%e9%99%90%e3%82%aa%e3%83%b3%e3%83%a9%e3%82%a4%e3%83%b3%e3%82%b5%e3%83%bc%e3%83%93%e3%82%b9%e3%81%ab%e3%81%a6%e7%b4%8d%e5%93%81/1121900394,,1121900394,Travel,,"{""title"": [""【香港・マカオ eSIM】利用日数を簡単設定共通して用いられるeSIM 30 日間 超高速データ無制限オンラインサービスにて納品 簡単登録 eSIM""], ""option_candidates"": [""30日(超高速無限データ)""], ""representative_option"": [""30日(超高速無限データ)"", ""title_match_score=8""], ""price_jpy"": [""販売価格 12,990円 + option surcharge 0"", ""30日(超高速無限データ)""], ""usage_validity"": [""30日(超高速無限データ)""], ""activation_validity"": [""【香港・マカオ eSIM】利用日数を簡単設定共通して用いられるeSIM 30 日間 超高速データ無制限オンラインサービスにて納品 簡単登録 eSIM""], ""data_amount"": [""30日(超高速無限データ)""], ""network_type"": [""qoo10_local_signal: 【SKTelecoｍ公式認証】韓国eSIM 3日間(72時間) 電話番号付き 超高速データ無制限 最初の5分発信無料(韓国国内) LINE即日発行 ご購入日より120日以内 韓国SIM 1,980円 1,680円 4.9 (35,807)""], ""carrier_support_kr"": [""【SKTelecoｍ公式認証】韓国eSIM 3日間(72時間) 電話番号付き 超高速データ無制限 最初の5分発信無料(韓国国内) LINE即日発行 ご購入日より120日以内 韓国SIM 1,980円 1,680円 4.9 (35,807)""], ""seller"": [""Travel""], ""seller_badge"": [""search_result: General seller""], ""network_generation"": [""fallback_5g: network_generation: fallback_5g: network_generation: no_lte_4g_or_5g_keyword_matched"", ""fallback_4g_lte: network_generation: fallback_5g: network_generation: no_lte_4g_or_5g_keyword_matched"", ""fallback_only_network_generation_signal""], ""network_generation_inferred"": [""no_medium_generation_signal""]}"
qoo10_jp,hk,【香港・マカオ eSIM】利用日数を簡単設定共通して用いられるeSIM 15 日間 超高速データ無制限オンラインサービスにて納品 簡単登録 eSIM,7296,,General seller,13,,,,15일,15일,15일,local,unknown,unknown,low,,"{""skt"": true, ""kt"": null, ""lgu"": null}",unlimited,https://www.qoo10.jp/item/%e9%a6%99%e6%b8%af%e3%83%bb%e3%83%9e%e3%82%ab%e3%82%aa-ESIM-%e5%88%a9%e7%94%a8%e6%97%a5%e6%95%b0%e3%82%92%e7%b0%a1%e5%8d%98%e8%a8%ad%e5%ae%9a%e5%85%b1%e9%80%9a%e3%81%97%e3%81%a6%e7%94%a8%e3%81%84%e3%82%89%e3%82%8c%e3%82%8bESIM-15-%e6%97%a5%e9%96%93-%e8%b6%85%e9%ab%98%e9%80%9f%e3%83%87%e3%83%bc%e3%82%bf%e7%84%a1%e5%88%b6%e9%99%90%e3%82%aa%e3%83%b3%e3%83%a9%e3%82%a4%e3%83%b3%e3%82%b5%e3%83%bc%e3%83%93%e3%82%b9%e3%81%ab%e3%81%a6%e7%b4%8d%e5%93%81/1121898165,,1121898165,Travel,,"{""title"": [""【香港・マカオ eSIM】利用日数を簡単設定共通して用いられるeSIM 15 日間 超高速データ無制限オンラインサービスにて納品 簡単登録 eSIM""], ""option_candidates"": [""15日(超高速無限データ)""], ""representative_option"": [""15日(超高速無限データ)"", ""title_match_score=8""], ""price_jpy"": [""販売価格 7,296円 + option surcharge 0"", ""15日(超高速無限データ)""], ""usage_validity"": [""15日(超高速無限データ)""], ""activation_validity"": [""【香港・マカオ eSIM】利用日数を簡単設定共通して用いられるeSIM 15 日間 超高速データ無制限オンラインサービスにて納品 簡単登録 eSIM""], ""data_amount"": [""15日(超高速無限データ)""], ""network_type"": [""qoo10_local_signal: 【SKTelecoｍ公式認証】韓国eSIM 3日間(72時間) 電話番号付き 超高速データ無制限 最初の5分発信無料(韓国国内) LINE即日発行 ご購入日より120日以内 韓国SIM 1,980円 1,680円 4.9 (35,807)""], ""carrier_support_kr"": [""【SKTelecoｍ公式認証】韓国eSIM 3日間(72時間) 電話番号付き 超高速データ無制限 最初の5分発信無料(韓国国内) LINE即日発行 ご購入日より120日以内 韓国SIM 1,980円 1,680円 4.9 (35,807)""], ""seller"": [""Travel""], ""seller_badge"": [""search_result: General seller""], ""network_generation"": [""fallback_5g: network_generation: fallback_5g: network_generation: no_lte_4g_or_5g_keyword_matched"", ""fallback_4g_lte: network_generation: fallback_5g: network_generation: no_lte_4g_or_5g_keyword_matched"", ""fallback_only_network_generation_signal""], ""network_generation_inferred"": [""no_medium_generation_signal""]}"
qoo10_jp,hk,香港eSIM マカオeSIM 安心の日本企業 5日間 無制限 低速なし 日本人スタッフによるLINEサポート(お急ぎの方相談可) 最短即日発行 有効期限90日 パスポート番号不要 データ通信専用,1260,5,Power seller,14,,,,5일,5일,90일,local,unknown,unknown,low,,"{""skt"": true, ""kt"": null, ""lgu"": null}",unlimited,https://www.qoo10.jp/item/%e9%a6%99%e6%b8%afESIM-%e3%83%9e%e3%82%ab%e3%82%aaESIM-%e5%ae%89%e5%bf%83%e3%81%ae%e6%97%a5%e6%9c%ac%e4%bc%81%e6%a5%ad-5%e6%97%a5%e9%96%93-%e7%84%a1%e5%88%b6%e9%99%90-%e4%bd%8e%e9%80%9f%e3%81%aa%e3%81%97-%e6%97%a5%e6%9c%ac%e4%ba%ba%e3%82%b9%e3%82%bf%e3%83%83%e3%83%95%e3%81%ab%e3%82%88%e3%82%8bLINE%e3%82%b5%e3%83%9d%e3%83%bc%e3%83%88-%e3%81%8a%e6%80%a5%e3%81%8e%e3%81%ae%e6%96%b9%e7%9b%b8%e8%ab%87%e5%8f%af/1117854536,,1117854536,いーしむさん,,"{""title"": [""香港eSIM マカオeSIM 安心の日本企業 5日間 無制限 低速なし 日本人スタッフによるLINEサポート(お急ぎの方相談可) 最短即日発行 有効期限90日 パスポート番号不要 データ通信専用""], ""price_jpy"": [""販売価格 1,260円""], ""usage_validity"": [""香港eSIM マカオeSIM 安心の日本企業 5日間 無制限 低速なし 日本人スタッフによるLINEサポート(お急ぎの方相談可) 最短即日発行 有効期限90日 パスポート番号不要 データ通信専用""], ""activation_validity"": [""香港eSIM マカオeSIM 安心の日本企業 5日間 無制限 低速なし 日本人スタッフによるLINEサポート(お急ぎの方相談可) 最短即日発行 有効期限90日 パスポート番号不要 データ通信専用""], ""data_amount"": [""香港eSIM マカオeSIM 安心の日本企業 5日間 無制限 低速なし 日本人スタッフによるLINEサポート(お急ぎの方相談可) 最短即日発行 有効期限90日 パスポート番号不要 データ通信専用""], ""network_type"": [""qoo10_local_signal: 【SKTelecoｍ公式認証】韓国eSIM 3日間(72時間) 電話番号付き 超高速データ無制限 最初の5分発信無料(韓国国内) LINE即日発行 ご購入日より120日以内 韓国SIM 1,980円 1,680円 4.9 (35,807)""], ""carrier_support_kr"": [""【SKTelecoｍ公式認証】韓国eSIM 3日間(72時間) 電話番号付き 超高速データ無制限 最初の5分発信無料(韓国国内) LINE即日発行 ご購入日より120日以内 韓国SIM 1,980円 1,680円 4.9 (35,807)""], ""seller"": [""いーしむさん""], ""review_count"": [""search_result: 5""], ""seller_badge"": [""search_result: Power seller""], ""network_generation"": [""fallback_5g: network_generation: fallback_5g: network_generation: no_lte_4g_or_5g_keyword_matched"", ""fallback_4g_lte: network_generation: fallback_5g: network_generation: no_lte_4g_or_5g_keyword_matched"", ""fallback_only_network_generation_signal""], ""network_generation_inferred"": [""no_medium_generation_signal""]}"
qoo10_jp,hk,【共通して用 中国/香港/マカオ】 eSIM 正規eSIM 超高速2日間 データ無制限 無制限 QRコードで eSIM 2日間 eSIM中国 eSIM 中国 中国eSIM 中国 eSIM,990,,Good seller,15,,,,2일,2일,3일,unknown,unknown,unknown,low,,"{""skt"": true, ""kt"": null, ""lgu"": null}",unlimited,https://www.qoo10.jp/item/%e5%85%b1%e9%80%9a%e3%81%97%e3%81%a6%e7%94%a8-%e4%b8%ad%e5%9b%bd-%e9%a6%99%e6%b8%af-%e3%83%9e%e3%82%ab%e3%82%aa-ESIM-%e6%ad%a3%e8%a6%8fESIM-%e8%b6%85%e9%ab%98%e9%80%9f2%e6%97%a5%e9%96%93-%e3%83%87%e3%83%bc%e3%82%bf%e7%84%a1%e5%88%b6%e9%99%90-%e7%84%a1%e5%88%b6%e9%99%90-QR%e3%82%b3%e3%83%bc%e3%83%89%e3%81%a7-ESIM-2%e6%97%a5%e9%96%93/1187433027,,1187433027,正規eSIM 即時対応 100万枚突破 ...,,"{""title"": [""【共通して用 中国/香港/マカオ】 eSIM 正規eSIM 超高速2日間 データ無制限 無制限 QRコードで eSIM 2日間 eSIM中国 eSIM 中国 中国eSIM 中国 eSIM""], ""price_jpy"": [""販売価格 990円""], ""usage_validity"": [""【共通して用 中国/香港/マカオ】 eSIM 正規eSIM 超高速2日間 データ無制限 無制限 QRコードで eSIM 2日間 eSIM中国 eSIM 中国 中国eSIM 中国 eSIM""], ""activation_validity"": [""【SKTelecoｍ公式認証】韓国eSIM 3日間(72時間) 電話番号付き 超高速データ無制限 最初の5分発信無料(韓国国内) LINE即日発行 ご購入日より120日以内 韓国SIM 1,980円 1,680円 4.9 (35,807)""], ""data_amount"": [""【共通して用 中国/香港/マカオ】 eSIM 正規eSIM 超高速2日間 データ無制限 無制限 QRコードで eSIM 2日間 eSIM中国 eSIM 中国 中国eSIM 中国 eSIM""], ""network_type"": [""qoo10_local_signal: 【SKTelecoｍ公式認証】韓国eSIM 3日間(72時間) 電話番号付き 超高速データ無制限 最初の5分発信無料(韓国国内) LINE即日発行 ご購入日より120日以内 韓国SIM 1,980円 1,680円 4.9 (35,807)"", ""local_claim_refers_to:cn""], ""carrier_support_kr"": [""【SKTelecoｍ公式認証】韓国eSIM 3日間(72時間) 電話番号付き 超高速データ無制限 最初の5分発信無料(韓国国内) LINE即日発行 ご購入日より120日以内 韓国SIM 1,980円 1,680円 4.9 (35,807)""], ""seller"": [""正規eSIM 即時対応 100万枚突破 ...""], ""seller_badge"": [""search_result: Good seller""], ""network_generation"": [""fallback_5g: network_generation: fallback_5g: network_generation: no_lte_4g_or_5g_keyword_matched"", ""fallback_4g_lte: network_generation: fallback_5g: network_generation: no_lte_4g_or_5g_keyword_matched"", ""fallback_only_network_generation_signal""], ""network_generation_inferred"": [""no_medium_generation_signal""]}"
qoo10_jp,hk,【共通して用 中国/香港/マカオ】 eSIM 正規eSIM 超高速1日間 データ無制限 無制限 QRコードで eSIM 1日間 eSIM中国 eSIM 中国 中国eSIM 中国 eSIM,490,1,Good seller,16,,,,1일,1일,3일,unknown,unknown,unknown,low,,"{""skt"": true, ""kt"": null, ""lgu"": null}",unlimited,https://www.qoo10.jp/item/%e5%85%b1%e9%80%9a%e3%81%97%e3%81%a6%e7%94%a8-%e4%b8%ad%e5%9b%bd-%e9%a6%99%e6%b8%af-%e3%83%9e%e3%82%ab%e3%82%aa-ESIM-%e6%ad%a3%e8%a6%8fESIM-%e8%b6%85%e9%ab%98%e9%80%9f1%e6%97%a5%e9%96%93-%e3%83%87%e3%83%bc%e3%82%bf%e7%84%a1%e5%88%b6%e9%99%90-%e7%84%a1%e5%88%b6%e9%99%90-QR%e3%82%b3%e3%83%bc%e3%83%89%e3%81%a7-ESIM-1%e6%97%a5%e9%96%93/1187431231,,1187431231,正規eSIM 即時対応 100万枚突破 ...,,"{""title"": [""【共通して用 中国/香港/マカオ】 eSIM 正規eSIM 超高速1日間 データ無制限 無制限 QRコードで eSIM 1日間 eSIM中国 eSIM 中国 中国eSIM 中国 eSIM""], ""price_jpy"": [""販売価格 490円""], ""usage_validity"": [""【共通して用 中国/香港/マカオ】 eSIM 正規eSIM 超高速1日間 データ無制限 無制限 QRコードで eSIM 1日間 eSIM中国 eSIM 中国 中国eSIM 中国 eSIM""], ""activation_validity"": [""【SKTelecoｍ公式認証】韓国eSIM 3日間(72時間) 電話番号付き 超高速データ無制限 最初の5分発信無料(韓国国内) LINE即日発行 ご購入日より120日以内 韓国SIM 1,980円 1,680円 4.9 (35,807)""], ""data_amount"": [""【共通して用 中国/香港/マカオ】 eSIM 正規eSIM 超高速1日間 データ無制限 無制限 QRコードで eSIM 1日間 eSIM中国 eSIM 中国 中国eSIM 中国 eSIM""], ""network_type"": [""qoo10_local_signal: 【SKTelecoｍ公式認証】韓国eSIM 3日間(72時間) 電話番号付き 超高速データ無制限 最初の5分発信無料(韓国国内) LINE即日発行 ご購入日より120日以内 韓国SIM 1,980円 1,680円 4.9 (35,807)"", ""local_claim_refers_to:cn""], ""carrier_support_kr"": [""【SKTelecoｍ公式認証】韓国eSIM 3日間(72時間) 電話番号付き 超高速データ無制限 最初の5分発信無料(韓国国内) LINE即日発行 ご購入日より120日以内 韓国SIM 1,980円 1,680円 4.9 (35,807)""], ""seller"": [""正規eSIM 即時対応 100万枚突破 ...""], ""review_count"": [""search_result: 1""], ""seller_badge"": [""search_result: Good seller""], ""network_generation"": [""fallback_5g: network_generation: fallback_5g: network_generation: no_lte_4g_or_5g_keyword_matched"", ""fallback_4g_lte: network_generation: fallback_5g: network_generation: no_lte_4g_or_5g_keyword_matched"", ""fallback_only_network_generation_signal""], ""network_generation_inferred"": [""no_medium_generation_signal""]}"
qoo10_jp,hk,【香港 eSIM データ無制限】香港 eSIM 正規eSIM 超高速 2日間 データ無制限 eSIM 2日間 無制限 QRコードで 香港 esim 2日間 esim 香港,850,,Good seller,17,,,,2일,2일,3일,local,unknown,unknown,low,,"{""skt"": true, ""kt"": null, ""lgu"": null}",unlimited,https://www.qoo10.jp/item/%e9%a6%99%e6%b8%af-ESIM-%e3%83%87%e3%83%bc%e3%82%bf%e7%84%a1%e5%88%b6%e9%99%90-%e9%a6%99%e6%b8%af-ESIM-%e6%ad%a3%e8%a6%8fESIM-%e8%b6%85%e9%ab%98%e9%80%9f-2%e6%97%a5%e9%96%93-%e3%83%87%e3%83%bc%e3%82%bf%e7%84%a1%e5%88%b6%e9%99%90-ESIM-2%e6%97%a5%e9%96%93-%e7%84%a1%e5%88%b6%e9%99%90-QR%e3%82%b3%e3%83%bc%e3%83%89%e3%81%a7/1180496958,,1180496958,正規eSIM 即時対応 100万枚突破 ...,,"{""title"": [""【香港 eSIM データ無制限】香港 eSIM 正規eSIM 超高速 2日間 データ無制限 eSIM 2日間 無制限 QRコードで 香港 esim 2日間 esim 香港""], ""option_candidates"": [""2日 香港（超高速無制限のトラフィック） - 数量 : 999997""], ""representative_option"": [""2日 香港（超高速無制限のトラフィック） - 数量 : 999997"", ""title_match_score=8""], ""price_jpy"": [""販売価格 850円 + option surcharge 0"", ""2日 香港（超高速無制限のトラフィック） - 数量 : 999997""], ""usage_validity"": [""2日 香港（超高速無制限のトラフィック） - 数量 : 999997""], ""activation_validity"": [""【SKTelecoｍ公式認証】韓国eSIM 3日間(72時間) 電話番号付き 超高速データ無制限 最初の5分発信無料(韓国国内) LINE即日発行 ご購入日より120日以内 韓国SIM 1,980円 1,680円 4.9 (35,807)""], ""data_amount"": [""2日 香港（超高速無制限のトラフィック） - 数量 : 999997""], ""network_type"": [""qoo10_local_signal: 【SKTelecoｍ公式認証】韓国eSIM 3日間(72時間) 電話番号付き 超高速データ無制限 最初の5分発信無料(韓国国内) LINE即日発行 ご購入日より120日以内 韓国SIM 1,980円 1,680円 4.9 (35,807)""], ""carrier_support_kr"": [""【SKTelecoｍ公式認証】韓国eSIM 3日間(72時間) 電話番号付き 超高速データ無制限 最初の5分発信無料(韓国国内) LINE即日発行 ご購入日より120日以内 韓国SIM 1,980円 1,680円 4.9 (35,807)""], ""seller"": [""正規eSIM 即時対応 100万枚突破 ...""], ""seller_badge"": [""search_result: Good seller""], ""network_generation"": [""fallback_5g: network_generation: fallback_5g: network_generation: no_lte_4g_or_5g_keyword_matched"", ""fallback_4g_lte: network_generation: fallback_5g: network_generation: no_lte_4g_or_5g_keyword_matched"", ""fallback_only_network_generation_signal""], ""network_generation_inferred"": [""no_medium_generation_signal""]}"
qoo10_jp,hk,香港eSIM マカオeSIM 安心の日本企業 3日間 無制限 低速なし 日本人スタッフによるLINEサポート(お急ぎの方相談可) 最短即日発行 有効期限90日 パスポート番号不要 データ通信専用,910,18,Power seller,18,,,,3일,3일,90일,local,unknown,unknown,low,,"{""skt"": true, ""kt"": null, ""lgu"": null}",unlimited,https://www.qoo10.jp/item/%e9%a6%99%e6%b8%afESIM-%e3%83%9e%e3%82%ab%e3%82%aaESIM-%e5%ae%89%e5%bf%83%e3%81%ae%e6%97%a5%e6%9c%ac%e4%bc%81%e6%a5%ad-3%e6%97%a5%e9%96%93-%e7%84%a1%e5%88%b6%e9%99%90-%e4%bd%8e%e9%80%9f%e3%81%aa%e3%81%97-%e6%97%a5%e6%9c%ac%e4%ba%ba%e3%82%b9%e3%82%bf%e3%83%83%e3%83%95%e3%81%ab%e3%82%88%e3%82%8bLINE%e3%82%b5%e3%83%9d%e3%83%bc%e3%83%88-%e3%81%8a%e6%80%a5%e3%81%8e%e3%81%ae%e6%96%b9%e7%9b%b8%e8%ab%87%e5%8f%af/1117853212,,1117853212,いーしむさん,,"{""title"": [""香港eSIM マカオeSIM 安心の日本企業 3日間 無制限 低速なし 日本人スタッフによるLINEサポート(お急ぎの方相談可) 最短即日発行 有効期限90日 パスポート番号不要 データ通信専用""], ""price_jpy"": [""販売価格 910円""], ""usage_validity"": [""香港eSIM マカオeSIM 安心の日本企業 3日間 無制限 低速なし 日本人スタッフによるLINEサポート(お急ぎの方相談可) 最短即日発行 有効期限90日 パスポート番号不要 データ通信専用""], ""activation_validity"": [""香港eSIM マカオeSIM 安心の日本企業 3日間 無制限 低速なし 日本人スタッフによるLINEサポート(お急ぎの方相談可) 最短即日発行 有効期限90日 パスポート番号不要 データ通信専用""], ""data_amount"": [""香港eSIM マカオeSIM 安心の日本企業 3日間 無制限 低速なし 日本人スタッフによるLINEサポート(お急ぎの方相談可) 最短即日発行 有効期限90日 パスポート番号不要 データ通信専用""], ""network_type"": [""qoo10_local_signal: 【SKTelecoｍ公式認証】韓国eSIM 3日間(72時間) 電話番号付き 超高速データ無制限 最初の5分発信無料(韓国国内) LINE即日発行 ご購入日より120日以内 韓国SIM 1,980円 1,680円 4.9 (35,807)""], ""carrier_support_kr"": [""【SKTelecoｍ公式認証】韓国eSIM 3日間(72時間) 電話番号付き 超高速データ無制限 最初の5分発信無料(韓国国内) LINE即日発行 ご購入日より120日以内 韓国SIM 1,980円 1,680円 4.9 (35,807)""], ""seller"": [""いーしむさん""], ""review_count"": [""search_result: 18""], ""seller_badge"": [""search_result: Power seller""], ""network_generation"": [""fallback_5g: network_generation: fallback_5g: network_generation: no_lte_4g_or_5g_keyword_matched"", ""fallback_4g_lte: network_generation: fallback_5g: network_generation: no_lte_4g_or_5g_keyword_matched"", ""fallback_only_network_generation_signal""], ""network_generation_inferred"": [""no_medium_generation_signal""]}"
qoo10_jp,hk,【香港 eSIM データ無制限】香港 eSIM 正規eSIM 超高速 3日間 データ無制限 eSIM 3日間 無制限 QRコードで 台湾 esim 3日間 esim 香港,840,3,Power seller,22,,,,3일,3일,3일,local,unknown,unknown,low,,"{""skt"": true, ""kt"": null, ""lgu"": null}",unlimited,https://www.qoo10.jp/item/%e9%a6%99%e6%b8%af-ESIM-%e3%83%87%e3%83%bc%e3%82%bf%e7%84%a1%e5%88%b6%e9%99%90-%e9%a6%99%e6%b8%af-ESIM-%e6%ad%a3%e8%a6%8fESIM-%e8%b6%85%e9%ab%98%e9%80%9f-3%e6%97%a5%e9%96%93-%e3%83%87%e3%83%bc%e3%82%bf%e7%84%a1%e5%88%b6%e9%99%90-ESIM-3%e6%97%a5%e9%96%93-%e7%84%a1%e5%88%b6%e9%99%90-QR%e3%82%b3%e3%83%bc%e3%83%89%e3%81%a7/1176399693,,1176399693,正規eSIM 即時対応 60万枚突破 �...,,"{""title"": [""【香港 eSIM データ無制限】香港 eSIM 正規eSIM 超高速 3日間 データ無制限 eSIM 3日間 無制限 QRコードで 台湾 esim 3日間 esim 香港""], ""price_jpy"": [""販売価格 840円""], ""usage_validity"": [""【香港 eSIM データ無制限】香港 eSIM 正規eSIM 超高速 3日間 データ無制限 eSIM 3日間 無制限 QRコードで 台湾 esim 3日間 esim 香港""], ""activation_validity"": [""【SKTelecoｍ公式認証】韓国eSIM 3日間(72時間) 電話番号付き 超高速データ無制限 最初の5分発信無料(韓国国内) LINE即日発行 ご購入日より120日以内 韓国SIM 1,980円 1,680円 4.9 (35,807)""], ""data_amount"": [""【香港 eSIM データ無制限】香港 eSIM 正規eSIM 超高速 3日間 データ無制限 eSIM 3日間 無制限 QRコードで 台湾 esim 3日間 esim 香港""], ""network_type"": [""qoo10_local_signal: 【SKTelecoｍ公式認証】韓国eSIM 3日間(72時間) 電話番号付き 超高速データ無制限 最初の5分発信無料(韓国国内) LINE即日発行 ご購入日より120日以内 韓国SIM 1,980円 1,680円 4.9 (35,807)""], ""carrier_support_kr"": [""【SKTelecoｍ公式認証】韓国eSIM 3日間(72時間) 電話番号付き 超高速データ無制限 最初の5分発信無料(韓国国内) LINE即日発行 ご購入日より120日以内 韓国SIM 1,980円 1,680円 4.9 (35,807)""], ""seller"": [""正規eSIM 即時対応 60万枚突破 �...""], ""review_count"": [""search_result: 3""], ""seller_badge"": [""search_result: Power seller""], ""network_generation"": [""fallback_5g: network_generation: fallback_5g: network_generation: no_lte_4g_or_5g_keyword_matched"", ""fallback_4g_lte: network_generation: fallback_5g: network_generation: no_lte_4g_or_5g_keyword_matched"", ""fallback_only_network_generation_signal""], ""network_generation_inferred"": [""no_medium_generation_signal""]}"
qoo10_jp,hk,香港eSIM マカオeSIM 安心の日本企業 10日間 無制限 低速なし 日本人スタッフによるLINEサポート(お急ぎの方相談可) 最短即日発行 有効期限90日 パスポート番号不要 データ通信専用,2750,,Power seller,25,,,,10일,10일,90일,local,unknown,unknown,low,,"{""skt"": true, ""kt"": null, ""lgu"": null}",unlimited,https://www.qoo10.jp/item/%e9%a6%99%e6%b8%afESIM-%e3%83%9e%e3%82%ab%e3%82%aaESIM-%e5%ae%89%e5%bf%83%e3%81%ae%e6%97%a5%e6%9c%ac%e4%bc%81%e6%a5%ad-10%e6%97%a5%e9%96%93-%e7%84%a1%e5%88%b6%e9%99%90-%e4%bd%8e%e9%80%9f%e3%81%aa%e3%81%97-%e6%97%a5%e6%9c%ac%e4%ba%ba%e3%82%b9%e3%82%bf%e3%83%83%e3%83%95%e3%81%ab%e3%82%88%e3%82%8bLINE%e3%82%b5%e3%83%9d%e3%83%bc%e3%83%88-%e3%81%8a%e6%80%a5%e3%81%8e%e3%81%ae%e6%96%b9%e7%9b%b8%e8%ab%87%e5%8f%af/1117854799,,1117854799,いーしむさん,,"{""title"": [""香港eSIM マカオeSIM 安心の日本企業 10日間 無制限 低速なし 日本人スタッフによるLINEサポート(お急ぎの方相談可) 最短即日発行 有効期限90日 パスポート番号不要 データ通信専用""], ""price_jpy"": [""販売価格 2,750円""], ""usage_validity"": [""香港eSIM マカオeSIM 安心の日本企業 10日間 無制限 低速なし 日本人スタッフによるLINEサポート(お急ぎの方相談可) 最短即日発行 有効期限90日 パスポート番号不要 データ通信専用""], ""activation_validity"": [""香港eSIM マカオeSIM 安心の日本企業 10日間 無制限 低速なし 日本人スタッフによるLINEサポート(お急ぎの方相談可) 最短即日発行 有効期限90日 パスポート番号不要 データ通信専用""], ""data_amount"": [""香港eSIM マカオeSIM 安心の日本企業 10日間 無制限 低速なし 日本人スタッフによるLINEサポート(お急ぎの方相談可) 最短即日発行 有効期限90日 パスポート番号不要 データ通信専用""], ""network_type"": [""qoo10_local_signal: 【SKTelecoｍ公式認証】韓国eSIM 3日間(72時間) 電話番号付き 超高速データ無制限 最初の5分発信無料(韓国国内) LINE即日発行 ご購入日より120日以内 韓国SIM 1,980円 1,680円 4.9 (35,807)""], ""carrier_support_kr"": [""【SKTelecoｍ公式認証】韓国eSIM 3日間(72時間) 電話番号付き 超高速データ無制限 最初の5分発信無料(韓国国内) LINE即日発行 ご購入日より120日以内 韓国SIM 1,980円 1,680円 4.9 (35,807)""], ""seller"": [""いーしむさん""], ""seller_badge"": [""search_result: Power seller""], ""network_generation"": [""fallback_5g: network_generation: fallback_5g: network_generation: no_lte_4g_or_5g_keyword_matched"", ""fallback_4g_lte: network_generation: fallback_5g: network_generation: no_lte_4g_or_5g_keyword_matched"", ""fallback_only_network_generation_signal""], ""network_generation_inferred"": [""no_medium_generation_signal""]}"
qoo10_jp,hk,【香港・マカオ eSIM】利用日数を簡単設定共通して用いられるeSIM 10 日間 超高速データ無制限オンラインサービスにて納品 簡単登録 eSIM,4590,,General seller,30,,,,10일,10일,10일,local,unknown,unknown,low,,"{""skt"": true, ""kt"": null, ""lgu"": null}",unlimited,https://www.qoo10.jp/item/%e9%a6%99%e6%b8%af%e3%83%bb%e3%83%9e%e3%82%ab%e3%82%aa-ESIM-%e5%88%a9%e7%94%a8%e6%97%a5%e6%95%b0%e3%82%92%e7%b0%a1%e5%8d%98%e8%a8%ad%e5%ae%9a%e5%85%b1%e9%80%9a%e3%81%97%e3%81%a6%e7%94%a8%e3%81%84%e3%82%89%e3%82%8c%e3%82%8bESIM-10-%e6%97%a5%e9%96%93-%e8%b6%85%e9%ab%98%e9%80%9f%e3%83%87%e3%83%bc%e3%82%bf%e7%84%a1%e5%88%b6%e9%99%90%e3%82%aa%e3%83%b3%e3%83%a9%e3%82%a4%e3%83%b3%e3%82%b5%e3%83%bc%e3%83%93%e3%82%b9%e3%81%ab%e3%81%a6%e7%b4%8d%e5%93%81/1172157631,,1172157631,Travel,,"{""title"": [""【香港・マカオ eSIM】利用日数を簡単設定共通して用いられるeSIM 10 日間 超高速データ無制限オンラインサービスにて納品 簡単登録 eSIM""], ""option_candidates"": [""10日(超高速無限データ)""], ""representative_option"": [""10日(超高速無限データ)"", ""title_match_score=8""], ""price_jpy"": [""販売価格 4,590円 + option surcharge 0"", ""10日(超高速無限データ)""], ""usage_validity"": [""10日(超高速無限データ)""], ""activation_validity"": [""【香港・マカオ eSIM】利用日数を簡単設定共通して用いられるeSIM 10 日間 超高速データ無制限オンラインサービスにて納品 簡単登録 eSIM""], ""data_amount"": [""10日(超高速無限データ)""], ""network_type"": [""qoo10_local_signal: 【SKTelecoｍ公式認証】韓国eSIM 3日間(72時間) 電話番号付き 超高速データ無制限 最初の5分発信無料(韓国国内) LINE即日発行 ご購入日より120日以内 韓国SIM 1,980円 1,680円 4.9 (35,807)""], ""carrier_support_kr"": [""【SKTelecoｍ公式認証】韓国eSIM 3日間(72時間) 電話番号付き 超高速データ無制限 最初の5分発信無料(韓国国内) LINE即日発行 ご購入日より120日以内 韓国SIM 1,980円 1,680円 4.9 (35,807)""], ""seller"": [""Travel""], ""seller_badge"": [""search_result: General seller""], ""network_generation"": [""fallback_5g: network_generation: fallback_5g: network_generation: no_lte_4g_or_5g_keyword_matched"", ""fallback_4g_lte: network_generation: fallback_5g: network_generation: no_lte_4g_or_5g_keyword_matched"", ""fallback_only_network_generation_signal""], ""network_generation_inferred"": [""no_medium_generation_signal""]}"
qoo10_jp,hk,【香港・マカオ eSIM】利用日数を簡単設定共通して用いられるeSIM 7 日間 超高速データ無制限オンラインサービスにて納品 簡単登録 eSIM,3399,,General seller,31,,,,7일,7일,7일,local,unknown,unknown,low,,"{""skt"": true, ""kt"": null, ""lgu"": null}",unlimited,https://www.qoo10.jp/item/%e9%a6%99%e6%b8%af%e3%83%bb%e3%83%9e%e3%82%ab%e3%82%aa-ESIM-%e5%88%a9%e7%94%a8%e6%97%a5%e6%95%b0%e3%82%92%e7%b0%a1%e5%8d%98%e8%a8%ad%e5%ae%9a%e5%85%b1%e9%80%9a%e3%81%97%e3%81%a6%e7%94%a8%e3%81%84%e3%82%89%e3%82%8c%e3%82%8bESIM-7-%e6%97%a5%e9%96%93-%e8%b6%85%e9%ab%98%e9%80%9f%e3%83%87%e3%83%bc%e3%82%bf%e7%84%a1%e5%88%b6%e9%99%90%e3%82%aa%e3%83%b3%e3%83%a9%e3%82%a4%e3%83%b3%e3%82%b5%e3%83%bc%e3%83%93%e3%82%b9%e3%81%ab%e3%81%a6%e7%b4%8d%e5%93%81/1121896129,,1121896129,Travel,,"{""title"": [""【香港・マカオ eSIM】利用日数を簡単設定共通して用いられるeSIM 7 日間 超高速データ無制限オンラインサービスにて納品 簡単登録 eSIM""], ""option_candidates"": [""7日(超高速無限データ)""], ""representative_option"": [""7日(超高速無限データ)"", ""title_match_score=8""], ""price_jpy"": [""販売価格 3,399円 + option surcharge 0"", ""7日(超高速無限データ)""], ""usage_validity"": [""7日(超高速無限データ)""], ""activation_validity"": [""【香港・マカオ eSIM】利用日数を簡単設定共通して用いられるeSIM 7 日間 超高速データ無制限オンラインサービスにて納品 簡単登録 eSIM""], ""data_amount"": [""7日(超高速無限データ)""], ""network_type"": [""qoo10_local_signal: 【SKTelecoｍ公式認証】韓国eSIM 3日間(72時間) 電話番号付き 超高速データ無制限 最初の5分発信無料(韓国国内) LINE即日発行 ご購入日より120日以内 韓国SIM 1,980円 1,680円 4.9 (35,807)""], ""carrier_support_kr"": [""【SKTelecoｍ公式認証】韓国eSIM 3日間(72時間) 電話番号付き 超高速データ無制限 最初の5分発信無料(韓国国内) LINE即日発行 ご購入日より120日以内 韓国SIM 1,980円 1,680円 4.9 (35,807)""], ""seller"": [""Travel""], ""seller_badge"": [""search_result: General seller""], ""network_generation"": [""fallback_5g: network_generation: fallback_5g: network_generation: no_lte_4g_or_5g_keyword_matched"", ""fallback_4g_lte: network_generation: fallback_5g: network_generation: no_lte_4g_or_5g_keyword_matched"", ""fallback_only_network_generation_signal""], ""network_generation_inferred"": [""no_medium_generation_signal""]}"
qoo10_jp,hk,【香港・マカオ eSIM】利用日数を簡単設定共通して用いられるeSIM 1日間 超高速データ無制限オンラインサービスにて納品 簡単登録 eSIM,799,2,General seller,32,,,,1일,1일,3일,local,unknown,unknown,low,,"{""skt"": true, ""kt"": null, ""lgu"": null}",unlimited,https://www.qoo10.jp/item/%e9%a6%99%e6%b8%af%e3%83%bb%e3%83%9e%e3%82%ab%e3%82%aa-ESIM-%e5%88%a9%e7%94%a8%e6%97%a5%e6%95%b0%e3%82%92%e7%b0%a1%e5%8d%98%e8%a8%ad%e5%ae%9a%e5%85%b1%e9%80%9a%e3%81%97%e3%81%a6%e7%94%a8%e3%81%84%e3%82%89%e3%82%8c%e3%82%8bESIM-1%e6%97%a5%e9%96%93-%e8%b6%85%e9%ab%98%e9%80%9f%e3%83%87%e3%83%bc%e3%82%bf%e7%84%a1%e5%88%b6%e9%99%90%e3%82%aa%e3%83%b3%e3%83%a9%e3%82%a4%e3%83%b3%e3%82%b5%e3%83%bc%e3%83%93%e3%82%b9%e3%81%ab%e3%81%a6%e7%b4%8d%e5%93%81/1121894328,,1121894328,Travel,,"{""title"": [""【香港・マカオ eSIM】利用日数を簡単設定共通して用いられるeSIM 1日間 超高速データ無制限オンラインサービスにて納品 簡単登録 eSIM""], ""option_candidates"": [""1日(超高速無限データ)""], ""representative_option"": [""1日(超高速無限データ)"", ""title_match_score=8""], ""price_jpy"": [""販売価格 799円 + option surcharge 0"", ""1日(超高速無限データ)""], ""usage_validity"": [""1日(超高速無限データ)""], ""activation_validity"": [""【SKTelecoｍ公式認証】韓国eSIM 3日間(72時間) 電話番号付き 超高速データ無制限 最初の5分発信無料(韓国国内) LINE即日発行 ご購入日より120日以内 韓国SIM 1,980円 1,680円 4.9 (35,807)""], ""data_amount"": [""1日(超高速無限データ)""], ""network_type"": [""qoo10_local_signal: 【SKTelecoｍ公式認証】韓国eSIM 3日間(72時間) 電話番号付き 超高速データ無制限 最初の5分発信無料(韓国国内) LINE即日発行 ご購入日より120日以内 韓国SIM 1,980円 1,680円 4.9 (35,807)""], ""carrier_support_kr"": [""【SKTelecoｍ公式認証】韓国eSIM 3日間(72時間) 電話番号付き 超高速データ無制限 最初の5分発信無料(韓国国内) LINE即日発行 ご購入日より120日以内 韓国SIM 1,980円 1,680円 4.9 (35,807)""], ""seller"": [""Travel""], ""review_count"": [""search_result: 2""], ""seller_badge"": [""search_result: General seller""], ""network_generation"": [""fallback_5g: network_generation: fallback_5g: network_generation: no_lte_4g_or_5g_keyword_matched"", ""fallback_4g_lte: network_generation: fallback_5g: network_generation: no_lte_4g_or_5g_keyword_matched"", ""fallback_only_network_generation_signal""], ""network_generation_inferred"": [""no_medium_generation_signal""]}"
qoo10_jp,hk,【香港・マカオ eSIM】利用日数を簡単設定共通して用いられるeSIM3-4-5-7日間 超高速データ無制限オンラインサービスにて納品 簡単登録 eSIM,2190,5,General seller,33,,,,7일,7일,5일,local,unknown,unknown,low,,"{""skt"": true, ""kt"": null, ""lgu"": null}",unlimited,https://www.qoo10.jp/item/%e9%a6%99%e6%b8%af%e3%83%bb%e3%83%9e%e3%82%ab%e3%82%aa-ESIM-%e5%88%a9%e7%94%a8%e6%97%a5%e6%95%b0%e3%82%92%e7%b0%a1%e5%8d%98%e8%a8%ad%e5%ae%9a%e5%85%b1%e9%80%9a%e3%81%97%e3%81%a6%e7%94%a8%e3%81%84%e3%82%89%e3%82%8c%e3%82%8bESIM3-4-5-7%e6%97%a5%e9%96%93-%e8%b6%85%e9%ab%98%e9%80%9f%e3%83%87%e3%83%bc%e3%82%bf%e7%84%a1%e5%88%b6%e9%99%90%e3%82%aa%e3%83%b3%e3%83%a9%e3%82%a4%e3%83%b3%e3%82%b5%e3%83%bc%e3%83%93%e3%82%b9%e3%81%ab%e3%81%a6%e7%b4%8d%e5%93%81/1121892610,,1121892610,Travel,,"{""title"": [""【香港・マカオ eSIM】利用日数を簡単設定共通して用いられるeSIM3-4-5-7日間 超高速データ無制限オンラインサービスにて納品 簡単登録 eSIM""], ""option_candidates"": [""3日(超高速無限データ)"", ""4日(超高速無限データ)"", ""5日(超高速無限データ)""], ""representative_option"": [""7日(超高速無限データ)"", ""title_match_score=8""], ""price_jpy"": [""販売価格 2,190円 + option surcharge 0"", ""7日(超高速無限データ)""], ""usage_validity"": [""7日(超高速無限データ)""], ""activation_validity"": [""【香港・マカオ eSIM】利用日数を簡単設定共通して用いられるeSIM3-4-5-7日間 超高速データ無制限オンラインサービスにて納品 簡単登録 eSIM""], ""data_amount"": [""7日(超高速無限データ)""], ""network_type"": [""qoo10_local_signal: 【SKTelecoｍ公式認証】韓国eSIM 3日間(72時間) 電話番号付き 超高速データ無制限 最初の5分発信無料(韓国国内) LINE即日発行 ご購入日より120日以内 韓国SIM 1,980円 1,680円 4.9 (35,807)""], ""carrier_support_kr"": [""【SKTelecoｍ公式認証】韓国eSIM 3日間(72時間) 電話番号付き 超高速データ無制限 最初の5分発信無料(韓国国内) LINE即日発行 ご購入日より120日以内 韓国SIM 1,980円 1,680円 4.9 (35,807)""], ""seller"": [""Travel""], ""review_count"": [""search_result: 5""], ""seller_badge"": [""search_result: General seller""], ""network_generation"": [""fallback_5g: network_generation: fallback_5g: network_generation: no_lte_4g_or_5g_keyword_matched"", ""fallback_4g_lte: network_generation: fallback_5g: network_generation: no_lte_4g_or_5g_keyword_matched"", ""fallback_only_network_generation_signal""], ""network_generation_inferred"": [""no_medium_generation_signal""]}"
qoo10_jp,hk,【共通して用 中国/香港/マカオ】 eSIM 正規eSIM 超高速3-10日間 データ無制限 無制限 QRコードで eSIM 3日間 eSIM 5日間 eSIM 7日間 eSIM,1080,,Good seller,35,,,,3일,3일,3일,unknown,unknown,unknown,low,,"{""skt"": true, ""kt"": null, ""lgu"": null}",unlimited,https://www.qoo10.jp/item/%e5%85%b1%e9%80%9a%e3%81%97%e3%81%a6%e7%94%a8-%e4%b8%ad%e5%9b%bd-%e9%a6%99%e6%b8%af-%e3%83%9e%e3%82%ab%e3%82%aa-ESIM-%e6%ad%a3%e8%a6%8fESIM-%e8%b6%85%e9%ab%98%e9%80%9f3-10%e6%97%a5%e9%96%93-%e3%83%87%e3%83%bc%e3%82%bf%e7%84%a1%e5%88%b6%e9%99%90-%e7%84%a1%e5%88%b6%e9%99%90-QR%e3%82%b3%e3%83%bc%e3%83%89%e3%81%a7-ESIM/1190348510,,1190348510,正規eSIM 即時対応 100万枚突破 ...,,"{""title"": [""【共通して用 中国/香港/マカオ】 eSIM 正規eSIM 超高速3-10日間 データ無制限 無制限 QRコードで eSIM 3日間 eSIM 5日間 eSIM 7日間 eSIM""], ""price_jpy"": [""販売価格 1,080円""], ""usage_validity"": [""【共通して用 中国/香港/マカオ】 eSIM 正規eSIM 超高速3-10日間 データ無制限 無制限 QRコードで eSIM 3日間 eSIM 5日間 eSIM 7日間 eSIM""], ""activation_validity"": [""【SKTelecoｍ公式認証】韓国eSIM 3日間(72時間) 電話番号付き 超高速データ無制限 最初の5分発信無料(韓国国内) LINE即日発行 ご購入日より120日以内 韓国SIM 1,980円 1,680円 4.9 (35,807)""], ""data_amount"": [""【共通して用 中国/香港/マカオ】 eSIM 正規eSIM 超高速3-10日間 データ無制限 無制限 QRコードで eSIM 3日間 eSIM 5日間 eSIM 7日間 eSIM""], ""network_type"": [""qoo10_local_signal: 【SKTelecoｍ公式認証】韓国eSIM 3日間(72時間) 電話番号付き 超高速データ無制限 最初の5分発信無料(韓国国内) LINE即日発行 ご購入日より120日以内 韓国SIM 1,980円 1,680円 4.9 (35,807)"", ""local_claim_refers_to:cn""], ""carrier_support_kr"": [""【SKTelecoｍ公式認証】韓国eSIM 3日間(72時間) 電話番号付き 超高速データ無制限 最初の5分発信無料(韓国国内) LINE即日発行 ご購入日より120日以内 韓国SIM 1,980円 1,680円 4.9 (35,807)""], ""seller"": [""正規eSIM 即時対応 100万枚突破 ...""], ""seller_badge"": [""search_result: Good seller""], ""network_generation"": [""fallback_5g: network_generation: fallback_5g: network_generation: no_lte_4g_or_5g_keyword_matched"", ""fallback_4g_lte: network_generation: fallback_5g: network_generation: no_lte_4g_or_5g_keyword_matched"", ""fallback_only_network_generation_signal""], ""network_generation_inferred"": [""no_medium_generation_signal""]}"
qoo10_jp,hk,【共通して用 中国/香港/マカオ】 eSIM 正規eSIM 超高速3-10日間 データ無制限 無制限 QRコードで eSIM 3日間 eSIM 5日間 eSIM 7日間 eSIM,1100,,Good seller,36,,,,3일,3일,3일,unknown,unknown,unknown,low,,"{""skt"": true, ""kt"": null, ""lgu"": null}",unlimited,https://www.qoo10.jp/item/%e5%85%b1%e9%80%9a%e3%81%97%e3%81%a6%e7%94%a8-%e4%b8%ad%e5%9b%bd-%e9%a6%99%e6%b8%af-%e3%83%9e%e3%82%ab%e3%82%aa-ESIM-%e6%ad%a3%e8%a6%8fESIM-%e8%b6%85%e9%ab%98%e9%80%9f3-10%e6%97%a5%e9%96%93-%e3%83%87%e3%83%bc%e3%82%bf%e7%84%a1%e5%88%b6%e9%99%90-%e7%84%a1%e5%88%b6%e9%99%90-QR%e3%82%b3%e3%83%bc%e3%83%89%e3%81%a7-ESIM/1187988413,,1187988413,正規eSIM 即時対応 100万枚突破 ...,,"{""title"": [""【共通して用 中国/香港/マカオ】 eSIM 正規eSIM 超高速3-10日間 データ無制限 無制限 QRコードで eSIM 3日間 eSIM 5日間 eSIM 7日間 eSIM""], ""price_jpy"": [""販売価格 1,100円""], ""usage_validity"": [""【共通して用 中国/香港/マカオ】 eSIM 正規eSIM 超高速3-10日間 データ無制限 無制限 QRコードで eSIM 3日間 eSIM 5日間 eSIM 7日間 eSIM""], ""activation_validity"": [""【SKTelecoｍ公式認証】韓国eSIM 3日間(72時間) 電話番号付き 超高速データ無制限 最初の5分発信無料(韓国国内) LINE即日発行 ご購入日より120日以内 韓国SIM 1,980円 1,680円 4.9 (35,807)""], ""data_amount"": [""【共通して用 中国/香港/マカオ】 eSIM 正規eSIM 超高速3-10日間 データ無制限 無制限 QRコードで eSIM 3日間 eSIM 5日間 eSIM 7日間 eSIM""], ""network_type"": [""qoo10_local_signal: 【SKTelecoｍ公式認証】韓国eSIM 3日間(72時間) 電話番号付き 超高速データ無制限 最初の5分発信無料(韓国国内) LINE即日発行 ご購入日より120日以内 韓国SIM 1,980円 1,680円 4.9 (35,807)"", ""local_claim_refers_to:cn""], ""carrier_support_kr"": [""【SKTelecoｍ公式認証】韓国eSIM 3日間(72時間) 電話番号付き 超高速データ無制限 最初の5分発信無料(韓国国内) LINE即日発行 ご購入日より120日以内 韓国SIM 1,980円 1,680円 4.9 (35,807)""], ""seller"": [""正規eSIM 即時対応 100万枚突破 ...""], ""seller_badge"": [""search_result: Good seller""], ""network_generation"": [""fallback_5g: network_generation: fallback_5g: network_generation: no_lte_4g_or_5g_keyword_matched"", ""fallback_4g_lte: network_generation: fallback_5g: network_generation: no_lte_4g_or_5g_keyword_matched"", ""fallback_only_network_generation_signal""], ""network_generation_inferred"": [""no_medium_generation_signal""]}"
qoo10_jp,hk,香港 eSIM マカオ eSIM 正規eSIM 超高速6-10日 データ無制限 香港eSIM 6-10日間 無制限 QRコードで esim香港 8日間 9日間 10日間 6日間 7日 簡単登録eSIM,2750,,Power seller,37,,,,10일,10일,6일,local,unknown,unknown,low,,"{""skt"": true, ""kt"": null, ""lgu"": null}",unlimited,https://www.qoo10.jp/item/%e9%a6%99%e6%b8%af-ESIM-%e3%83%9e%e3%82%ab%e3%82%aa-ESIM-%e6%ad%a3%e8%a6%8fESIM-%e8%b6%85%e9%ab%98%e9%80%9f6-10%e6%97%a5-%e3%83%87%e3%83%bc%e3%82%bf%e7%84%a1%e5%88%b6%e9%99%90-%e9%a6%99%e6%b8%afESIM-6-10%e6%97%a5%e9%96%93-%e7%84%a1%e5%88%b6%e9%99%90-QR%e3%82%b3%e3%83%bc%e3%83%89%e3%81%a7/1187988048,,1187988048,正規eSIM 即時対応 180万枚突破 ...,,"{""title"": [""香港 eSIM マカオ eSIM 正規eSIM 超高速6-10日 データ無制限 香港eSIM 6-10日間 無制限 QRコードで esim香港 8日間 9日間 10日間 6日間 7日 簡単登録eSIM""], ""option_candidates"": [""6日 香港 マカオ（超高速無制限のトラフィック） - 数量 : 999999"", ""7日 香港 マカオ（超高速無制限のトラフィック）(+150円) - 数量 : 999999"", ""8日 香港 マカオ（超高速無制限のトラフィック）(+700円) - 数量 : 999999""], ""representative_option"": [""10日 香港 マカオ （超高速無制限のトラフィック）(+900円) - 数量 : 999999"", ""title_match_score=8""], ""price_jpy"": [""販売価格 1,850円 + option surcharge 900"", ""10日 香港 マカオ （超高速無制限のトラフィック）(+900円) - 数量 : 999999""], ""usage_validity"": [""10日 香港 マカオ （超高速無制限のトラフィック）(+900円) - 数量 : 999999""], ""activation_validity"": [""香港 eSIM マカオ eSIM 正規eSIM 超高速6-10日 データ無制限 香港eSIM 6-10日間 無制限 QRコードで esim香港 8日間 9日間 10日間 6日間 7日 簡単登録eSIM""], ""data_amount"": [""10日 香港 マカオ （超高速無制限のトラフィック）(+900円) - 数量 : 999999""], ""network_type"": [""qoo10_local_signal: 【SKTelecoｍ公式認証】韓国eSIM 3日間(72時間) 電話番号付き 超高速データ無制限 最初の5分発信無料(韓国国内) LINE即日発行 ご購入日より120日以内 韓国SIM 1,980円 1,680円 4.9 (35,807)""], ""carrier_support_kr"": [""【SKTelecoｍ公式認証】韓国eSIM 3日間(72時間) 電話番号付き 超高速データ無制限 最初の5分発信無料(韓国国内) LINE即日発行 ご購入日より120日以内 韓国SIM 1,980円 1,680円 4.9 (35,807)""], ""seller"": [""正規eSIM 即時対応 180万枚突破 ...""], ""seller_badge"": [""search_result: Power seller""], ""network_generation"": [""fallback_5g: network_generation: fallback_5g: network_generation: no_lte_4g_or_5g_keyword_matched"", ""fallback_4g_lte: network_generation: fallback_5g: network_generation: no_lte_4g_or_5g_keyword_matched"", ""fallback_only_network_generation_signal""], ""network_generation_inferred"": [""no_medium_generation_signal""]}"
qoo10_jp,hk,【共通して用 中国/香港/マカオ】 eSIM 正規eSIM 超高速3-7日間 データ無制限 無制限 QRコードで eSIM 3日間 eSIM 5日間 eSIM 7日間 eSIM,1100,,Good seller,38,,,,3일,3일,3일,unknown,unknown,unknown,low,,"{""skt"": true, ""kt"": null, ""lgu"": null}",unlimited,https://www.qoo10.jp/item/%e5%85%b1%e9%80%9a%e3%81%97%e3%81%a6%e7%94%a8-%e4%b8%ad%e5%9b%bd-%e9%a6%99%e6%b8%af-%e3%83%9e%e3%82%ab%e3%82%aa-ESIM-%e6%ad%a3%e8%a6%8fESIM-%e8%b6%85%e9%ab%98%e9%80%9f3-7%e6%97%a5%e9%96%93-%e3%83%87%e3%83%bc%e3%82%bf%e7%84%a1%e5%88%b6%e9%99%90-%e7%84%a1%e5%88%b6%e9%99%90-QR%e3%82%b3%e3%83%bc%e3%83%89%e3%81%a7-ESIM/1187736370,,1187736370,正規eSIM 即時対応 100万枚突破 ...,,"{""title"": [""【共通して用 中国/香港/マカオ】 eSIM 正規eSIM 超高速3-7日間 データ無制限 無制限 QRコードで eSIM 3日間 eSIM 5日間 eSIM 7日間 eSIM""], ""price_jpy"": [""販売価格 1,100円""], ""usage_validity"": [""【共通して用 中国/香港/マカオ】 eSIM 正規eSIM 超高速3-7日間 データ無制限 無制限 QRコードで eSIM 3日間 eSIM 5日間 eSIM 7日間 eSIM""], ""activation_validity"": [""【SKTelecoｍ公式認証】韓国eSIM 3日間(72時間) 電話番号付き 超高速データ無制限 最初の5分発信無料(韓国国内) LINE即日発行 ご購入日より120日以内 韓国SIM 1,980円 1,680円 4.9 (35,807)""], ""data_amount"": [""【共通して用 中国/香港/マカオ】 eSIM 正規eSIM 超高速3-7日間 データ無制限 無制限 QRコードで eSIM 3日間 eSIM 5日間 eSIM 7日間 eSIM""], ""network_type"": [""qoo10_local_signal: 【SKTelecoｍ公式認証】韓国eSIM 3日間(72時間) 電話番号付き 超高速データ無制限 最初の5分発信無料(韓国国内) LINE即日発行 ご購入日より120日以内 韓国SIM 1,980円 1,680円 4.9 (35,807)"", ""local_claim_refers_to:cn""], ""carrier_support_kr"": [""【SKTelecoｍ公式認証】韓国eSIM 3日間(72時間) 電話番号付き 超高速データ無制限 最初の5分発信無料(韓国国内) LINE即日発行 ご購入日より120日以内 韓国SIM 1,980円 1,680円 4.9 (35,807)""], ""seller"": [""正規eSIM 即時対応 100万枚突破 ...""], ""seller_badge"": [""search_result: Good seller""], ""network_generation"": [""fallback_5g: network_generation: fallback_5g: network_generation: no_lte_4g_or_5g_keyword_matched"", ""fallback_4g_lte: network_generation: fallback_5g: network_generation: no_lte_4g_or_5g_keyword_matched"", ""fallback_only_network_generation_signal""], ""network_generation_inferred"": [""no_medium_generation_signal""]}"
qoo10_jp,hk,【共通して用 中国/香港/マカオ】 eSIM 正規eSIM 超高速6-10日間 データ無制限 無制限 QRコードで eSIM 8日間 eSIM 6日間 eSIM 7日間 eSIM 9日間 eSIM,2200,,Good seller,39,,,,3일,3일,6일,unknown,unknown,unknown,low,,"{""skt"": true, ""kt"": null, ""lgu"": null}",unlimited,https://www.qoo10.jp/item/%e5%85%b1%e9%80%9a%e3%81%97%e3%81%a6%e7%94%a8-%e4%b8%ad%e5%9b%bd-%e9%a6%99%e6%b8%af-%e3%83%9e%e3%82%ab%e3%82%aa-ESIM-%e6%ad%a3%e8%a6%8fESIM-%e8%b6%85%e9%ab%98%e9%80%9f6-10%e6%97%a5%e9%96%93-%e3%83%87%e3%83%bc%e3%82%bf%e7%84%a1%e5%88%b6%e9%99%90-%e7%84%a1%e5%88%b6%e9%99%90-QR%e3%82%b3%e3%83%bc%e3%83%89%e3%81%a7-ESIM/1187735321,,1187735321,正規eSIM 即時対応 100万枚突破 ...,,"{""title"": [""【共通して用 中国/香港/マカオ】 eSIM 正規eSIM 超高速6-10日間 データ無制限 無制限 QRコードで eSIM 8日間 eSIM 6日間 eSIM 7日間 eSIM 9日間 eSIM""], ""price_jpy"": [""販売価格 2,200円""], ""usage_validity"": [""【SKTelecoｍ公式認証】韓国eSIM 3日間(72時間) 電話番号付き 超高速データ無制限 最初の5分発信無料(韓国国内) LINE即日発行 ご購入日より120日以内 韓国SIM 1,980円 1,680円 4.9 (35,807)""], ""activation_validity"": [""【共通して用 中国/香港/マカオ】 eSIM 正規eSIM 超高速6-10日間 データ無制限 無制限 QRコードで eSIM 8日間 eSIM 6日間 eSIM 7日間 eSIM 9日間 eSIM""], ""data_amount"": [""【共通して用 中国/香港/マカオ】 eSIM 正規eSIM 超高速6-10日間 データ無制限 無制限 QRコードで eSIM 8日間 eSIM 6日間 eSIM 7日間 eSIM 9日間 eSIM""], ""network_type"": [""qoo10_local_signal: 【SKTelecoｍ公式認証】韓国eSIM 3日間(72時間) 電話番号付き 超高速データ無制限 最初の5分発信無料(韓国国内) LINE即日発行 ご購入日より120日以内 韓国SIM 1,980円 1,680円 4.9 (35,807)"", ""local_claim_refers_to:cn""], ""carrier_support_kr"": [""【SKTelecoｍ公式認証】韓国eSIM 3日間(72時間) 電話番号付き 超高速データ無制限 最初の5分発信無料(韓国国内) LINE即日発行 ご購入日より120日以内 韓国SIM 1,980円 1,680円 4.9 (35,807)""], ""seller"": [""正規eSIM 即時対応 100万枚突破 ...""], ""seller_badge"": [""search_result: Good seller""], ""network_generation"": [""fallback_5g: network_generation: fallback_5g: network_generation: no_lte_4g_or_5g_keyword_matched"", ""fallback_4g_lte: network_generation: fallback_5g: network_generation: no_lte_4g_or_5g_keyword_matched"", ""fallback_only_network_generation_signal""], ""network_generation_inferred"": [""no_medium_generation_signal""]}"
qoo10_jp,hk,香港 eSIM マカオ eSIM 正規eSIM 超高速6-10日 データ無制限 香港eSIM 6-10日間 無制限 QRコードで esim香港 8日間 10日間 9日間 6日間 7日 簡単登録eSIM,2750,,Power seller,40,,,,10일,10일,6일,local,unknown,unknown,low,,"{""skt"": true, ""kt"": null, ""lgu"": null}",unlimited,https://www.qoo10.jp/item/%e9%a6%99%e6%b8%af-ESIM-%e3%83%9e%e3%82%ab%e3%82%aa-ESIM-%e6%ad%a3%e8%a6%8fESIM-%e8%b6%85%e9%ab%98%e9%80%9f6-10%e6%97%a5-%e3%83%87%e3%83%bc%e3%82%bf%e7%84%a1%e5%88%b6%e9%99%90-%e9%a6%99%e6%b8%afESIM-6-10%e6%97%a5%e9%96%93-%e7%84%a1%e5%88%b6%e9%99%90-QR%e3%82%b3%e3%83%bc%e3%83%89%e3%81%a7/1187699965,,1187699965,正規eSIM 即時対応 180万枚突破 ...,,"{""title"": [""香港 eSIM マカオ eSIM 正規eSIM 超高速6-10日 データ無制限 香港eSIM 6-10日間 無制限 QRコードで esim香港 8日間 10日間 9日間 6日間 7日 簡単登録eSIM""], ""option_candidates"": [""6日 香港 マカオ（超高速無制限のトラフィック） - 数量 : 999999"", ""7日 香港 マカオ（超高速無制限のトラフィック）(+150円) - 数量 : 999999"", ""8日 香港 マカオ（超高速無制限のトラフィック）(+700円) - 数量 : 999998""], ""representative_option"": [""10日 香港 マカオ （超高速無制限のトラフィック）(+900円) - 数量 : 999999"", ""title_match_score=8""], ""price_jpy"": [""販売価格 1,850円 + option surcharge 900"", ""10日 香港 マカオ （超高速無制限のトラフィック）(+900円) - 数量 : 999999""], ""usage_validity"": [""10日 香港 マカオ （超高速無制限のトラフィック）(+900円) - 数量 : 999999""], ""activation_validity"": [""香港 eSIM マカオ eSIM 正規eSIM 超高速6-10日 データ無制限 香港eSIM 6-10日間 無制限 QRコードで esim香港 8日間 10日間 9日間 6日間 7日 簡単登録eSIM""], ""data_amount"": [""10日 香港 マカオ （超高速無制限のトラフィック）(+900円) - 数量 : 999999""], ""network_type"": [""qoo10_local_signal: 【SKTelecoｍ公式認証】韓国eSIM 3日間(72時間) 電話番号付き 超高速データ無制限 最初の5分発信無料(韓国国内) LINE即日発行 ご購入日より120日以内 韓国SIM 1,980円 1,680円 4.9 (35,807)""], ""carrier_support_kr"": [""【SKTelecoｍ公式認証】韓国eSIM 3日間(72時間) 電話番号付き 超高速データ無制限 最初の5分発信無料(韓国国内) LINE即日発行 ご購入日より120日以内 韓国SIM 1,980円 1,680円 4.9 (35,807)""], ""seller"": [""正規eSIM 即時対応 180万枚突破 ...""], ""seller_badge"": [""search_result: Power seller""], ""network_generation"": [""fallback_5g: network_generation: fallback_5g: network_generation: no_lte_4g_or_5g_keyword_matched"", ""fallback_4g_lte: network_generation: fallback_5g: network_generation: no_lte_4g_or_5g_keyword_matched"", ""fallback_only_network_generation_signal""], ""network_generation_inferred"": [""no_medium_generation_signal""]}"
qoo10_jp,hk,【共通して用 中国/香港/マカオ】 eSIM 正規eSIM 超高速7日間 データ無制限 無制限 QRコードで eSIM 7日間 eSIM中国 eSIM 中国 中国eSIM 中国 eSIM,1990,,Good seller,41,,,,3일,3일,7일,unknown,unknown,unknown,low,,"{""skt"": true, ""kt"": null, ""lgu"": null}",unlimited,https://www.qoo10.jp/item/%e5%85%b1%e9%80%9a%e3%81%97%e3%81%a6%e7%94%a8-%e4%b8%ad%e5%9b%bd-%e9%a6%99%e6%b8%af-%e3%83%9e%e3%82%ab%e3%82%aa-ESIM-%e6%ad%a3%e8%a6%8fESIM-%e8%b6%85%e9%ab%98%e9%80%9f7%e6%97%a5%e9%96%93-%e3%83%87%e3%83%bc%e3%82%bf%e7%84%a1%e5%88%b6%e9%99%90-%e7%84%a1%e5%88%b6%e9%99%90-QR%e3%82%b3%e3%83%bc%e3%83%89%e3%81%a7-ESIM-7%e6%97%a5%e9%96%93/1187431126,,1187431126,正規eSIM 即時対応 100万枚突破 ...,,"{""title"": [""【共通して用 中国/香港/マカオ】 eSIM 正規eSIM 超高速7日間 データ無制限 無制限 QRコードで eSIM 7日間 eSIM中国 eSIM 中国 中国eSIM 中国 eSIM""], ""price_jpy"": [""販売価格 1,990円""], ""usage_validity"": [""【SKTelecoｍ公式認証】韓国eSIM 3日間(72時間) 電話番号付き 超高速データ無制限 最初の5分発信無料(韓国国内) LINE即日発行 ご購入日より120日以内 韓国SIM 1,980円 1,680円 4.9 (35,807)""], ""activation_validity"": [""【共通して用 中国/香港/マカオ】 eSIM 正規eSIM 超高速7日間 データ無制限 無制限 QRコードで eSIM 7日間 eSIM中国 eSIM 中国 中国eSIM 中国 eSIM""], ""data_amount"": [""【共通して用 中国/香港/マカオ】 eSIM 正規eSIM 超高速7日間 データ無制限 無制限 QRコードで eSIM 7日間 eSIM中国 eSIM 中国 中国eSIM 中国 eSIM""], ""network_type"": [""qoo10_local_signal: 【SKTelecoｍ公式認証】韓国eSIM 3日間(72時間) 電話番号付き 超高速データ無制限 最初の5分発信無料(韓国国内) LINE即日発行 ご購入日より120日以内 韓国SIM 1,980円 1,680円 4.9 (35,807)"", ""local_claim_refers_to:cn""], ""carrier_support_kr"": [""【SKTelecoｍ公式認証】韓国eSIM 3日間(72時間) 電話番号付き 超高速データ無制限 最初の5分発信無料(韓国国内) LINE即日発行 ご購入日より120日以内 韓国SIM 1,980円 1,680円 4.9 (35,807)""], ""seller"": [""正規eSIM 即時対応 100万枚突破 ...""], ""seller_badge"": [""search_result: Good seller""], ""network_generation"": [""fallback_5g: network_generation: fallback_5g: network_generation: no_lte_4g_or_5g_keyword_matched"", ""fallback_4g_lte: network_generation: fallback_5g: network_generation: no_lte_4g_or_5g_keyword_matched"", ""fallback_only_network_generation_signal""], ""network_generation_inferred"": [""no_medium_generation_signal""]}"
qoo10_jp,hk,【共通して用 中国/香港/マカオ】 eSIM 正規eSIM 超高速6日間 データ無制限 無制限 QRコードで eSIM 6日間 eSIM中国 eSIM 中国 中国eSIM 中国 eSIM,1890,,Good seller,42,,,,3일,3일,6일,unknown,unknown,unknown,low,,"{""skt"": true, ""kt"": null, ""lgu"": null}",unlimited,https://www.qoo10.jp/item/%e5%85%b1%e9%80%9a%e3%81%97%e3%81%a6%e7%94%a8-%e4%b8%ad%e5%9b%bd-%e9%a6%99%e6%b8%af-%e3%83%9e%e3%82%ab%e3%82%aa-ESIM-%e6%ad%a3%e8%a6%8fESIM-%e8%b6%85%e9%ab%98%e9%80%9f6%e6%97%a5%e9%96%93-%e3%83%87%e3%83%bc%e3%82%bf%e7%84%a1%e5%88%b6%e9%99%90-%e7%84%a1%e5%88%b6%e9%99%90-QR%e3%82%b3%e3%83%bc%e3%83%89%e3%81%a7-ESIM-6%e6%97%a5%e9%96%93/1187431036,,1187431036,正規eSIM 即時対応 100万枚突破 ...,,"{""title"": [""【共通して用 中国/香港/マカオ】 eSIM 正規eSIM 超高速6日間 データ無制限 無制限 QRコードで eSIM 6日間 eSIM中国 eSIM 中国 中国eSIM 中国 eSIM""], ""price_jpy"": [""販売価格 1,890円""], ""usage_validity"": [""【SKTelecoｍ公式認証】韓国eSIM 3日間(72時間) 電話番号付き 超高速データ無制限 最初の5分発信無料(韓国国内) LINE即日発行 ご購入日より120日以内 韓国SIM 1,980円 1,680円 4.9 (35,807)""], ""activation_validity"": [""【共通して用 中国/香港/マカオ】 eSIM 正規eSIM 超高速6日間 データ無制限 無制限 QRコードで eSIM 6日間 eSIM中国 eSIM 中国 中国eSIM 中国 eSIM""], ""data_amount"": [""【共通して用 中国/香港/マカオ】 eSIM 正規eSIM 超高速6日間 データ無制限 無制限 QRコードで eSIM 6日間 eSIM中国 eSIM 中国 中国eSIM 中国 eSIM""], ""network_type"": [""qoo10_local_signal: 【SKTelecoｍ公式認証】韓国eSIM 3日間(72時間) 電話番号付き 超高速データ無制限 最初の5分発信無料(韓国国内) LINE即日発行 ご購入日より120日以内 韓国SIM 1,980円 1,680円 4.9 (35,807)"", ""local_claim_refers_to:cn""], ""carrier_support_kr"": [""【SKTelecoｍ公式認証】韓国eSIM 3日間(72時間) 電話番号付き 超高速データ無制限 最初の5分発信無料(韓国国内) LINE即日発行 ご購入日より120日以内 韓国SIM 1,980円 1,680円 4.9 (35,807)""], ""seller"": [""正規eSIM 即時対応 100万枚突破 ...""], ""seller_badge"": [""search_result: Good seller""], ""network_generation"": [""fallback_5g: network_generation: fallback_5g: network_generation: no_lte_4g_or_5g_keyword_matched"", ""fallback_4g_lte: network_generation: fallback_5g: network_generation: no_lte_4g_or_5g_keyword_matched"", ""fallback_only_network_generation_signal""], ""network_generation_inferred"": [""no_medium_generation_signal""]}"
qoo10_jp,hk,【共通して用 中国/香港/マカオ】 eSIM 正規eSIM 超高速5日間 データ無制限 無制限 QRコードで eSIM 5日間 eSIM中国 eSIM 中国 中国eSIM 中国 eSIM,1490,,Good seller,43,,,,3일,3일,5일,unknown,unknown,unknown,low,,"{""skt"": true, ""kt"": null, ""lgu"": null}",unlimited,https://www.qoo10.jp/item/%e5%85%b1%e9%80%9a%e3%81%97%e3%81%a6%e7%94%a8-%e4%b8%ad%e5%9b%bd-%e9%a6%99%e6%b8%af-%e3%83%9e%e3%82%ab%e3%82%aa-ESIM-%e6%ad%a3%e8%a6%8fESIM-%e8%b6%85%e9%ab%98%e9%80%9f5%e6%97%a5%e9%96%93-%e3%83%87%e3%83%bc%e3%82%bf%e7%84%a1%e5%88%b6%e9%99%90-%e7%84%a1%e5%88%b6%e9%99%90-QR%e3%82%b3%e3%83%bc%e3%83%89%e3%81%a7-ESIM-5%e6%97%a5%e9%96%93/1187430921,,1187430921,正規eSIM 即時対応 100万枚突破 ...,,"{""title"": [""【共通して用 中国/香港/マカオ】 eSIM 正規eSIM 超高速5日間 データ無制限 無制限 QRコードで eSIM 5日間 eSIM中国 eSIM 中国 中国eSIM 中国 eSIM""], ""price_jpy"": [""販売価格 1,490円""], ""usage_validity"": [""【SKTelecoｍ公式認証】韓国eSIM 3日間(72時間) 電話番号付き 超高速データ無制限 最初の5分発信無料(韓国国内) LINE即日発行 ご購入日より120日以内 韓国SIM 1,980円 1,680円 4.9 (35,807)""], ""activation_validity"": [""【共通して用 中国/香港/マカオ】 eSIM 正規eSIM 超高速5日間 データ無制限 無制限 QRコードで eSIM 5日間 eSIM中国 eSIM 中国 中国eSIM 中国 eSIM""], ""data_amount"": [""【共通して用 中国/香港/マカオ】 eSIM 正規eSIM 超高速5日間 データ無制限 無制限 QRコードで eSIM 5日間 eSIM中国 eSIM 中国 中国eSIM 中国 eSIM""], ""network_type"": [""qoo10_local_signal: 【SKTelecoｍ公式認証】韓国eSIM 3日間(72時間) 電話番号付き 超高速データ無制限 最初の5分発信無料(韓国国内) LINE即日発行 ご購入日より120日以内 韓国SIM 1,980円 1,680円 4.9 (35,807)"", ""local_claim_refers_to:cn""], ""carrier_support_kr"": [""【SKTelecoｍ公式認証】韓国eSIM 3日間(72時間) 電話番号付き 超高速データ無制限 最初の5分発信無料(韓国国内) LINE即日発行 ご購入日より120日以内 韓国SIM 1,980円 1,680円 4.9 (35,807)""], ""seller"": [""正規eSIM 即時対応 100万枚突破 ...""], ""seller_badge"": [""search_result: Good seller""], ""network_generation"": [""fallback_5g: network_generation: fallback_5g: network_generation: no_lte_4g_or_5g_keyword_matched"", ""fallback_4g_lte: network_generation: fallback_5g: network_generation: no_lte_4g_or_5g_keyword_matched"", ""fallback_only_network_generation_signal""], ""network_generation_inferred"": [""no_medium_generation_signal""]}"
qoo10_jp,hk,【共通して用 中国/香港/マカオ】 eSIM 正規eSIM 超高速3日間 データ無制限 無制限 QRコードで eSIM 3日間 eSIM中国 eSIM 中国 中国eSIM 中国 eSIM,1100,,Good seller,44,,,,3일,3일,3일,unknown,unknown,unknown,low,,"{""skt"": true, ""kt"": null, ""lgu"": null}",unlimited,https://www.qoo10.jp/item/%e5%85%b1%e9%80%9a%e3%81%97%e3%81%a6%e7%94%a8-%e4%b8%ad%e5%9b%bd-%e9%a6%99%e6%b8%af-%e3%83%9e%e3%82%ab%e3%82%aa-ESIM-%e6%ad%a3%e8%a6%8fESIM-%e8%b6%85%e9%ab%98%e9%80%9f3%e6%97%a5%e9%96%93-%e3%83%87%e3%83%bc%e3%82%bf%e7%84%a1%e5%88%b6%e9%99%90-%e7%84%a1%e5%88%b6%e9%99%90-QR%e3%82%b3%e3%83%bc%e3%83%89%e3%81%a7-ESIM-3%e6%97%a5%e9%96%93/1187430358,,1187430358,正規eSIM 即時対応 100万枚突破 ...,,"{""title"": [""【共通して用 中国/香港/マカオ】 eSIM 正規eSIM 超高速3日間 データ無制限 無制限 QRコードで eSIM 3日間 eSIM中国 eSIM 中国 中国eSIM 中国 eSIM""], ""price_jpy"": [""販売価格 1,100円""], ""usage_validity"": [""【共通して用 中国/香港/マカオ】 eSIM 正規eSIM 超高速3日間 データ無制限 無制限 QRコードで eSIM 3日間 eSIM中国 eSIM 中国 中国eSIM 中国 eSIM""], ""activation_validity"": [""【SKTelecoｍ公式認証】韓国eSIM 3日間(72時間) 電話番号付き 超高速データ無制限 最初の5分発信無料(韓国国内) LINE即日発行 ご購入日より120日以内 韓国SIM 1,980円 1,680円 4.9 (35,807)""], ""data_amount"": [""【共通して用 中国/香港/マカオ】 eSIM 正規eSIM 超高速3日間 データ無制限 無制限 QRコードで eSIM 3日間 eSIM中国 eSIM 中国 中国eSIM 中国 eSIM""], ""network_type"": [""qoo10_local_signal: 【SKTelecoｍ公式認証】韓国eSIM 3日間(72時間) 電話番号付き 超高速データ無制限 最初の5分発信無料(韓国国内) LINE即日発行 ご購入日より120日以内 韓国SIM 1,980円 1,680円 4.9 (35,807)"", ""local_claim_refers_to:cn""], ""carrier_support_kr"": [""【SKTelecoｍ公式認証】韓国eSIM 3日間(72時間) 電話番号付き 超高速データ無制限 最初の5分発信無料(韓国国内) LINE即日発行 ご購入日より120日以内 韓国SIM 1,980円 1,680円 4.9 (35,807)""], ""seller"": [""正規eSIM 即時対応 100万枚突破 ...""], ""seller_badge"": [""search_result: Good seller""], ""network_generation"": [""fallback_5g: network_generation: fallback_5g: network_generation: no_lte_4g_or_5g_keyword_matched"", ""fallback_4g_lte: network_generation: fallback_5g: network_generation: no_lte_4g_or_5g_keyword_matched"", ""fallback_only_network_generation_signal""], ""network_generation_inferred"": [""no_medium_generation_signal""]}"
qoo10_jp,hk,香港eSIM 安心の日本企業 6日間 無制限 低速なし 日本人スタッフによるLINEサポート(お急ぎの方相談可) 最短即日発行 有効期限90日 パスポート番号不要 データ通信専用,1860,,Power seller,45,,,,6일,6일,90일,local,unknown,unknown,low,,"{""skt"": true, ""kt"": null, ""lgu"": null}",unlimited,https://www.qoo10.jp/item/%e9%a6%99%e6%b8%afESIM-%e5%ae%89%e5%bf%83%e3%81%ae%e6%97%a5%e6%9c%ac%e4%bc%81%e6%a5%ad-6%e6%97%a5%e9%96%93-%e7%84%a1%e5%88%b6%e9%99%90-%e4%bd%8e%e9%80%9f%e3%81%aa%e3%81%97-%e6%97%a5%e6%9c%ac%e4%ba%ba%e3%82%b9%e3%82%bf%e3%83%83%e3%83%95%e3%81%ab%e3%82%88%e3%82%8bLINE%e3%82%b5%e3%83%9d%e3%83%bc%e3%83%88-%e3%81%8a%e6%80%a5%e3%81%8e%e3%81%ae%e6%96%b9%e7%9b%b8%e8%ab%87%e5%8f%af-%e6%9c%80%e7%9f%ad%e5%8d%b3%e6%97%a5%e7%99%ba%e8%a1%8c/1140351653,,1140351653,いーしむさん,,"{""title"": [""香港eSIM 安心の日本企業 6日間 無制限 低速なし 日本人スタッフによるLINEサポート(お急ぎの方相談可) 最短即日発行 有効期限90日 パスポート番号不要 データ通信専用""], ""price_jpy"": [""販売価格 1,860円""], ""usage_validity"": [""香港eSIM 安心の日本企業 6日間 無制限 低速なし 日本人スタッフによるLINEサポート(お急ぎの方相談可) 最短即日発行 有効期限90日 パスポート番号不要 データ通信専用""], ""activation_validity"": [""香港eSIM 安心の日本企業 6日間 無制限 低速なし 日本人スタッフによるLINEサポート(お急ぎの方相談可) 最短即日発行 有効期限90日 パスポート番号不要 データ通信専用""], ""data_amount"": [""香港eSIM 安心の日本企業 6日間 無制限 低速なし 日本人スタッフによるLINEサポート(お急ぎの方相談可) 最短即日発行 有効期限90日 パスポート番号不要 データ通信専用""], ""network_type"": [""qoo10_local_signal: 【SKTelecoｍ公式認証】韓国eSIM 3日間(72時間) 電話番号付き 超高速データ無制限 最初の5分発信無料(韓国国内) LINE即日発行 ご購入日より120日以内 韓国SIM 1,980円 1,680円 4.9 (35,807)""], ""carrier_support_kr"": [""【SKTelecoｍ公式認証】韓国eSIM 3日間(72時間) 電話番号付き 超高速データ無制限 最初の5分発信無料(韓国国内) LINE即日発行 ご購入日より120日以内 韓国SIM 1,980円 1,680円 4.9 (35,807)""], ""seller"": [""いーしむさん""], ""seller_badge"": [""search_result: Power seller""], ""network_generation"": [""fallback_5g: network_generation: fallback_5g: network_generation: no_lte_4g_or_5g_keyword_matched"", ""fallback_4g_lte: network_generation: fallback_5g: network_generation: no_lte_4g_or_5g_keyword_matched"", ""fallback_only_network_generation_signal""], ""network_generation_inferred"": [""no_medium_generation_signal""]}"
qoo10_jp,hk,香港eSIM 安心の日本企業 30日間 無制限 低速なし 日本人スタッフによるLINEサポート(お急ぎの方相談可) 最短即日発行 有効期限90日 パスポート番号不要 データ通信専用,8914,,Power seller,48,,,,30일,30일,90일,local,unknown,unknown,low,,"{""skt"": true, ""kt"": null, ""lgu"": null}",unlimited,https://www.qoo10.jp/item/%e9%a6%99%e6%b8%afESIM-%e5%ae%89%e5%bf%83%e3%81%ae%e6%97%a5%e6%9c%ac%e4%bc%81%e6%a5%ad-30%e6%97%a5%e9%96%93-%e7%84%a1%e5%88%b6%e9%99%90-%e4%bd%8e%e9%80%9f%e3%81%aa%e3%81%97-%e6%97%a5%e6%9c%ac%e4%ba%ba%e3%82%b9%e3%82%bf%e3%83%83%e3%83%95%e3%81%ab%e3%82%88%e3%82%8bLINE%e3%82%b5%e3%83%9d%e3%83%bc%e3%83%88-%e3%81%8a%e6%80%a5%e3%81%8e%e3%81%ae%e6%96%b9%e7%9b%b8%e8%ab%87%e5%8f%af-%e6%9c%80%e7%9f%ad%e5%8d%b3%e6%97%a5%e7%99%ba%e8%a1%8c/1117391022,,1117391022,いーしむさん,,"{""title"": [""香港eSIM 安心の日本企業 30日間 無制限 低速なし 日本人スタッフによるLINEサポート(お急ぎの方相談可) 最短即日発行 有効期限90日 パスポート番号不要 データ通信専用""], ""price_jpy"": [""販売価格 8,914円""], ""usage_validity"": [""香港eSIM 安心の日本企業 30日間 無制限 低速なし 日本人スタッフによるLINEサポート(お急ぎの方相談可) 最短即日発行 有効期限90日 パスポート番号不要 データ通信専用""], ""activation_validity"": [""香港eSIM 安心の日本企業 30日間 無制限 低速なし 日本人スタッフによるLINEサポート(お急ぎの方相談可) 最短即日発行 有効期限90日 パスポート番号不要 データ通信専用""], ""data_amount"": [""香港eSIM 安心の日本企業 30日間 無制限 低速なし 日本人スタッフによるLINEサポート(お急ぎの方相談可) 最短即日発行 有効期限90日 パスポート番号不要 データ通信専用""], ""network_type"": [""qoo10_local_signal: 【SKTelecoｍ公式認証】韓国eSIM 3日間(72時間) 電話番号付き 超高速データ無制限 最初の5分発信無料(韓国国内) LINE即日発行 ご購入日より120日以内 韓国SIM 1,980円 1,680円 4.9 (35,807)""], ""carrier_support_kr"": [""【SKTelecoｍ公式認証】韓国eSIM 3日間(72時間) 電話番号付き 超高速データ無制限 最初の5分発信無料(韓国国内) LINE即日発行 ご購入日より120日以内 韓国SIM 1,980円 1,680円 4.9 (35,807)""], ""seller"": [""いーしむさん""], ""seller_badge"": [""search_result: Power seller""], ""network_generation"": [""fallback_5g: network_generation: fallback_5g: network_generation: no_lte_4g_or_5g_keyword_matched"", ""fallback_4g_lte: network_generation: fallback_5g: network_generation: no_lte_4g_or_5g_keyword_matched"", ""fallback_only_network_generation_signal""], ""network_generation_inferred"": [""no_medium_generation_signal""]}"
qoo10_jp,hk,香港eSIM 安心の日本企業 3日間 無制限 低速なし 日本人スタッフによるLINEサポート(お急ぎの方相談可) 最短即日発行 有効期限90日 パスポート番号不要 データ通信専用,940,85,Power seller,49,,,,3일,3일,90일,local,unknown,unknown,low,,"{""skt"": true, ""kt"": null, ""lgu"": null}",unlimited,https://www.qoo10.jp/item/%e9%a6%99%e6%b8%afESIM-%e5%ae%89%e5%bf%83%e3%81%ae%e6%97%a5%e6%9c%ac%e4%bc%81%e6%a5%ad-3%e6%97%a5%e9%96%93-%e7%84%a1%e5%88%b6%e9%99%90-%e4%bd%8e%e9%80%9f%e3%81%aa%e3%81%97-%e6%97%a5%e6%9c%ac%e4%ba%ba%e3%82%b9%e3%82%bf%e3%83%83%e3%83%95%e3%81%ab%e3%82%88%e3%82%8bLINE%e3%82%b5%e3%83%9d%e3%83%bc%e3%83%88-%e3%81%8a%e6%80%a5%e3%81%8e%e3%81%ae%e6%96%b9%e7%9b%b8%e8%ab%87%e5%8f%af-%e6%9c%80%e7%9f%ad%e5%8d%b3%e6%97%a5%e7%99%ba%e8%a1%8c/1117387192,,1117387192,いーしむさん,,"{""title"": [""香港eSIM 安心の日本企業 3日間 無制限 低速なし 日本人スタッフによるLINEサポート(お急ぎの方相談可) 最短即日発行 有効期限90日 パスポート番号不要 データ通信専用""], ""price_jpy"": [""販売価格 940円""], ""usage_validity"": [""香港eSIM 安心の日本企業 3日間 無制限 低速なし 日本人スタッフによるLINEサポート(お急ぎの方相談可) 最短即日発行 有効期限90日 パスポート番号不要 データ通信専用""], ""activation_validity"": [""香港eSIM 安心の日本企業 3日間 無制限 低速なし 日本人スタッフによるLINEサポート(お急ぎの方相談可) 最短即日発行 有効期限90日 パスポート番号不要 データ通信専用""], ""data_amount"": [""香港eSIM 安心の日本企業 3日間 無制限 低速なし 日本人スタッフによるLINEサポート(お急ぎの方相談可) 最短即日発行 有効期限90日 パスポート番号不要 データ通信専用""], ""network_type"": [""qoo10_local_signal: 【SKTelecoｍ公式認証】韓国eSIM 3日間(72時間) 電話番号付き 超高速データ無制限 最初の5分発信無料(韓国国内) LINE即日発行 ご購入日より120日以内 韓国SIM 1,980円 1,680円 4.9 (35,807)""], ""carrier_support_kr"": [""【SKTelecoｍ公式認証】韓国eSIM 3日間(72時間) 電話番号付き 超高速データ無制限 最初の5分発信無料(韓国国内) LINE即日発行 ご購入日より120日以内 韓国SIM 1,980円 1,680円 4.9 (35,807)""], ""seller"": [""いーしむさん""], ""review_count"": [""search_result: 85""], ""seller_badge"": [""search_result: Power seller""], ""network_generation"": [""fallback_5g: network_generation: fallback_5g: network_generation: no_lte_4g_or_5g_keyword_matched"", ""fallback_4g_lte: network_generation: fallback_5g: network_generation: no_lte_4g_or_5g_keyword_matched"", ""fallback_only_network_generation_signal""], ""network_generation_inferred"": [""no_medium_generation_signal""]}"
qoo10_jp,hk,【香港 eSIM データ無制限】香港 eSIM 正規eSIM 超高速 3日間 データ無制限 eSIM 3日間 無制限 QRコードで 台湾 esim 3日間 esim 香港,840,,Power seller,50,,,,3일,3일,3일,local,unknown,unknown,low,,"{""skt"": true, ""kt"": null, ""lgu"": null}",unlimited,https://www.qoo10.jp/item/%e9%a6%99%e6%b8%af-ESIM-%e3%83%87%e3%83%bc%e3%82%bf%e7%84%a1%e5%88%b6%e9%99%90-%e9%a6%99%e6%b8%af-ESIM-%e6%ad%a3%e8%a6%8fESIM-%e8%b6%85%e9%ab%98%e9%80%9f-3%e6%97%a5%e9%96%93-%e3%83%87%e3%83%bc%e3%82%bf%e7%84%a1%e5%88%b6%e9%99%90-ESIM-3%e6%97%a5%e9%96%93-%e7%84%a1%e5%88%b6%e9%99%90-QR%e3%82%b3%e3%83%bc%e3%83%89%e3%81%a7/1195603024,,1195603024,正規eSIM 即時対応 60万枚突破 �...,,"{""title"": [""【香港 eSIM データ無制限】香港 eSIM 正規eSIM 超高速 3日間 データ無制限 eSIM 3日間 無制限 QRコードで 台湾 esim 3日間 esim 香港""], ""price_jpy"": [""販売価格 840円""], ""usage_validity"": [""【香港 eSIM データ無制限】香港 eSIM 正規eSIM 超高速 3日間 データ無制限 eSIM 3日間 無制限 QRコードで 台湾 esim 3日間 esim 香港""], ""activation_validity"": [""【SKTelecoｍ公式認証】韓国eSIM 3日間(72時間) 電話番号付き 超高速データ無制限 最初の5分発信無料(韓国国内) LINE即日発行 ご購入日より120日以内 韓国SIM 1,980円 1,680円 4.9 (35,807)""], ""data_amount"": [""【香港 eSIM データ無制限】香港 eSIM 正規eSIM 超高速 3日間 データ無制限 eSIM 3日間 無制限 QRコードで 台湾 esim 3日間 esim 香港""], ""network_type"": [""qoo10_local_signal: 【SKTelecoｍ公式認証】韓国eSIM 3日間(72時間) 電話番号付き 超高速データ無制限 最初の5分発信無料(韓国国内) LINE即日発行 ご購入日より120日以内 韓国SIM 1,980円 1,680円 4.9 (35,807)""], ""carrier_support_kr"": [""【SKTelecoｍ公式認証】韓国eSIM 3日間(72時間) 電話番号付き 超高速データ無制限 最初の5分発信無料(韓国国内) LINE即日発行 ご購入日より120日以内 韓国SIM 1,980円 1,680円 4.9 (35,807)""], ""seller"": [""正規eSIM 即時対応 60万枚突破 �...""], ""seller_badge"": [""search_result: Power seller""], ""network_generation"": [""fallback_5g: network_generation: fallback_5g: network_generation: no_lte_4g_or_5g_keyword_matched"", ""fallback_4g_lte: network_generation: fallback_5g: network_generation: no_lte_4g_or_5g_keyword_matched"", ""fallback_only_network_generation_signal""], ""network_generation_inferred"": [""no_medium_generation_signal""]}"
qoo10_jp,hk,【香港 eSIM データ無制限】香港 eSIM 正規 eSIM 超高速 3日間 データ無制限 eSIM 3日間 無制限 QRコードで 台湾 esim 3日間 esim 香港 esim,840,,Power seller,51,,,,3일,3일,3일,local,unknown,unknown,low,,"{""skt"": true, ""kt"": null, ""lgu"": null}",unlimited,https://www.qoo10.jp/item/%e9%a6%99%e6%b8%af-ESIM-%e3%83%87%e3%83%bc%e3%82%bf%e7%84%a1%e5%88%b6%e9%99%90-%e9%a6%99%e6%b8%af-ESIM-%e6%ad%a3%e8%a6%8f-ESIM-%e8%b6%85%e9%ab%98%e9%80%9f-3%e6%97%a5%e9%96%93-%e3%83%87%e3%83%bc%e3%82%bf%e7%84%a1%e5%88%b6%e9%99%90-ESIM-3%e6%97%a5%e9%96%93-%e7%84%a1%e5%88%b6%e9%99%90-QR%e3%82%b3%e3%83%bc%e3%83%89%e3%81%a7/1195376942,,1195376942,正規eSIM 即時対応 60万枚突破 �...,,"{""title"": [""【香港 eSIM データ無制限】香港 eSIM 正規 eSIM 超高速 3日間 データ無制限 eSIM 3日間 無制限 QRコードで 台湾 esim 3日間 esim 香港 esim""], ""price_jpy"": [""販売価格 840円""], ""usage_validity"": [""【香港 eSIM データ無制限】香港 eSIM 正規 eSIM 超高速 3日間 データ無制限 eSIM 3日間 無制限 QRコードで 台湾 esim 3日間 esim 香港 esim""], ""activation_validity"": [""【SKTelecoｍ公式認証】韓国eSIM 3日間(72時間) 電話番号付き 超高速データ無制限 最初の5分発信無料(韓国国内) LINE即日発行 ご購入日より120日以内 韓国SIM 1,980円 1,680円 4.9 (35,807)""], ""data_amount"": [""【香港 eSIM データ無制限】香港 eSIM 正規 eSIM 超高速 3日間 データ無制限 eSIM 3日間 無制限 QRコードで 台湾 esim 3日間 esim 香港 esim""], ""network_type"": [""qoo10_local_signal: 【SKTelecoｍ公式認証】韓国eSIM 3日間(72時間) 電話番号付き 超高速データ無制限 最初の5分発信無料(韓国国内) LINE即日発行 ご購入日より120日以内 韓国SIM 1,980円 1,680円 4.9 (35,807)""], ""carrier_support_kr"": [""【SKTelecoｍ公式認証】韓国eSIM 3日間(72時間) 電話番号付き 超高速データ無制限 最初の5分発信無料(韓国国内) LINE即日発行 ご購入日より120日以内 韓国SIM 1,980円 1,680円 4.9 (35,807)""], ""seller"": [""正規eSIM 即時対応 60万枚突破 �...""], ""seller_badge"": [""search_result: Power seller""], ""network_generation"": [""fallback_5g: network_generation: fallback_5g: network_generation: no_lte_4g_or_5g_keyword_matched"", ""fallback_4g_lte: network_generation: fallback_5g: network_generation: no_lte_4g_or_5g_keyword_matched"", ""fallback_only_network_generation_signal""], ""network_generation_inferred"": [""no_medium_generation_signal""]}"
qoo10_jp,hk,【台湾 香港 マカオ eSIM データ無制限】3-10日間 eSIM 正規 eSIM 超高速 データ無制限 eSIM 無制限 QRコードで 台湾 esim esim 香港 マカオ esim,840,,Good seller,59,,,,3일,3일,3일,unknown,unknown,unknown,low,,"{""skt"": true, ""kt"": null, ""lgu"": null}",unlimited,https://www.qoo10.jp/item/%e5%8f%b0%e6%b9%be-%e9%a6%99%e6%b8%af-%e3%83%9e%e3%82%ab%e3%82%aa-ESIM-%e3%83%87%e3%83%bc%e3%82%bf%e7%84%a1%e5%88%b6%e9%99%90-3-10%e6%97%a5%e9%96%93-ESIM-%e6%ad%a3%e8%a6%8f-ESIM-%e8%b6%85%e9%ab%98%e9%80%9f-%e3%83%87%e3%83%bc%e3%82%bf%e7%84%a1%e5%88%b6%e9%99%90-ESIM-%e7%84%a1%e5%88%b6%e9%99%90/1191146738,,1191146738,正規eSIM 即時対応 100万枚突破 ...,,"{""title"": [""【台湾 香港 マカオ eSIM データ無制限】3-10日間 eSIM 正規 eSIM 超高速 データ無制限 eSIM 無制限 QRコードで 台湾 esim esim 香港 マカオ esim""], ""price_jpy"": [""販売価格 840円""], ""usage_validity"": [""【台湾 香港 マカオ eSIM データ無制限】3-10日間 eSIM 正規 eSIM 超高速 データ無制限 eSIM 無制限 QRコードで 台湾 esim esim 香港 マカオ esim""], ""activation_validity"": [""【SKTelecoｍ公式認証】韓国eSIM 3日間(72時間) 電話番号付き 超高速データ無制限 最初の5分発信無料(韓国国内) LINE即日発行 ご購入日より120日以内 韓国SIM 1,980円 1,680円 4.9 (35,807)""], ""data_amount"": [""【台湾 香港 マカオ eSIM データ無制限】3-10日間 eSIM 正規 eSIM 超高速 データ無制限 eSIM 無制限 QRコードで 台湾 esim esim 香港 マカオ esim""], ""network_type"": [""qoo10_local_signal: 【SKTelecoｍ公式認証】韓国eSIM 3日間(72時間) 電話番号付き 超高速データ無制限 最初の5分発信無料(韓国国内) LINE即日発行 ご購入日より120日以内 韓国SIM 1,980円 1,680円 4.9 (35,807)"", ""local_claim_refers_to:tw""], ""carrier_support_kr"": [""【SKTelecoｍ公式認証】韓国eSIM 3日間(72時間) 電話番号付き 超高速データ無制限 最初の5分発信無料(韓国国内) LINE即日発行 ご購入日より120日以内 韓国SIM 1,980円 1,680円 4.9 (35,807)""], ""seller"": [""正規eSIM 即時対応 100万枚突破 ...""], ""seller_badge"": [""search_result: Good seller""], ""network_generation"": [""fallback_5g: network_generation: fallback_5g: network_generation: no_lte_4g_or_5g_keyword_matched"", ""fallback_4g_lte: network_generation: fallback_5g: network_generation: no_lte_4g_or_5g_keyword_matched"", ""fallback_only_network_generation_signal""], ""network_generation_inferred"": [""no_medium_generation_signal""]}"
qoo10_jp,hk,【台湾 香港 マカオ eSIM データ無制限】6-10日間 eSIM 正規eSIM データ無制限 超高速 eSIM 無制限 QRコードで 台湾 esim esim 香港 マカオ esim,1800,,Good seller,60,,,,3일,3일,6일,unknown,unknown,unknown,low,,"{""skt"": true, ""kt"": null, ""lgu"": null}",unlimited,https://www.qoo10.jp/item/%e5%8f%b0%e6%b9%be-%e9%a6%99%e6%b8%af-%e3%83%9e%e3%82%ab%e3%82%aa-ESIM-%e3%83%87%e3%83%bc%e3%82%bf%e7%84%a1%e5%88%b6%e9%99%90-6-10%e6%97%a5%e9%96%93-ESIM-%e6%ad%a3%e8%a6%8fESIM-%e3%83%87%e3%83%bc%e3%82%bf%e7%84%a1%e5%88%b6%e9%99%90-%e8%b6%85%e9%ab%98%e9%80%9f-ESIM-%e7%84%a1%e5%88%b6%e9%99%90/1191146703,,1191146703,正規eSIM 即時対応 100万枚突破 ...,,"{""title"": [""【台湾 香港 マカオ eSIM データ無制限】6-10日間 eSIM 正規eSIM データ無制限 超高速 eSIM 無制限 QRコードで 台湾 esim esim 香港 マカオ esim""], ""price_jpy"": [""販売価格 1,800円""], ""usage_validity"": [""【SKTelecoｍ公式認証】韓国eSIM 3日間(72時間) 電話番号付き 超高速データ無制限 最初の5分発信無料(韓国国内) LINE即日発行 ご購入日より120日以内 韓国SIM 1,980円 1,680円 4.9 (35,807)""], ""activation_validity"": [""【台湾 香港 マカオ eSIM データ無制限】6-10日間 eSIM 正規eSIM データ無制限 超高速 eSIM 無制限 QRコードで 台湾 esim esim 香港 マカオ esim""], ""data_amount"": [""【台湾 香港 マカオ eSIM データ無制限】6-10日間 eSIM 正規eSIM データ無制限 超高速 eSIM 無制限 QRコードで 台湾 esim esim 香港 マカオ esim""], ""network_type"": [""qoo10_local_signal: 【SKTelecoｍ公式認証】韓国eSIM 3日間(72時間) 電話番号付き 超高速データ無制限 最初の5分発信無料(韓国国内) LINE即日発行 ご購入日より120日以内 韓国SIM 1,980円 1,680円 4.9 (35,807)"", ""local_claim_refers_to:tw""], ""carrier_support_kr"": [""【SKTelecoｍ公式認証】韓国eSIM 3日間(72時間) 電話番号付き 超高速データ無制限 最初の5分発信無料(韓国国内) LINE即日発行 ご購入日より120日以内 韓国SIM 1,980円 1,680円 4.9 (35,807)""], ""seller"": [""正規eSIM 即時対応 100万枚突破 ...""], ""seller_badge"": [""search_result: Good seller""], ""network_generation"": [""fallback_5g: network_generation: fallback_5g: network_generation: no_lte_4g_or_5g_keyword_matched"", ""fallback_4g_lte: network_generation: fallback_5g: network_generation: no_lte_4g_or_5g_keyword_matched"", ""fallback_only_network_generation_signal""], ""network_generation_inferred"": [""no_medium_generation_signal""]}"
qoo10_jp,hk,【台湾 香港 マカオ eSIM データ無制限】6-10日間 eSIM 正規eSIM 超高速 データ無制限 eSIM 無制限 QRコードで 台湾 esim esim 香港 マカオ esim,1800,,Good seller,61,,,,3일,3일,6일,unknown,unknown,unknown,low,,"{""skt"": true, ""kt"": null, ""lgu"": null}",unlimited,https://www.qoo10.jp/item/%e5%8f%b0%e6%b9%be-%e9%a6%99%e6%b8%af-%e3%83%9e%e3%82%ab%e3%82%aa-ESIM-%e3%83%87%e3%83%bc%e3%82%bf%e7%84%a1%e5%88%b6%e9%99%90-6-10%e6%97%a5%e9%96%93-ESIM-%e6%ad%a3%e8%a6%8fESIM-%e8%b6%85%e9%ab%98%e9%80%9f-%e3%83%87%e3%83%bc%e3%82%bf%e7%84%a1%e5%88%b6%e9%99%90-ESIM-%e7%84%a1%e5%88%b6%e9%99%90/1191146588,,1191146588,正規eSIM 即時対応 100万枚突破 ...,,"{""title"": [""【台湾 香港 マカオ eSIM データ無制限】6-10日間 eSIM 正規eSIM 超高速 データ無制限 eSIM 無制限 QRコードで 台湾 esim esim 香港 マカオ esim""], ""price_jpy"": [""販売価格 1,800円""], ""usage_validity"": [""【SKTelecoｍ公式認証】韓国eSIM 3日間(72時間) 電話番号付き 超高速データ無制限 最初の5分発信無料(韓国国内) LINE即日発行 ご購入日より120日以内 韓国SIM 1,980円 1,680円 4.9 (35,807)""], ""activation_validity"": [""【台湾 香港 マカオ eSIM データ無制限】6-10日間 eSIM 正規eSIM 超高速 データ無制限 eSIM 無制限 QRコードで 台湾 esim esim 香港 マカオ esim""], ""data_amount"": [""【台湾 香港 マカオ eSIM データ無制限】6-10日間 eSIM 正規eSIM 超高速 データ無制限 eSIM 無制限 QRコードで 台湾 esim esim 香港 マカオ esim""], ""network_type"": [""qoo10_local_signal: 【SKTelecoｍ公式認証】韓国eSIM 3日間(72時間) 電話番号付き 超高速データ無制限 最初の5分発信無料(韓国国内) LINE即日発行 ご購入日より120日以内 韓国SIM 1,980円 1,680円 4.9 (35,807)"", ""local_claim_refers_to:tw""], ""carrier_support_kr"": [""【SKTelecoｍ公式認証】韓国eSIM 3日間(72時間) 電話番号付き 超高速データ無制限 最初の5分発信無料(韓国国内) LINE即日発行 ご購入日より120日以内 韓国SIM 1,980円 1,680円 4.9 (35,807)""], ""seller"": [""正規eSIM 即時対応 100万枚突破 ...""], ""seller_badge"": [""search_result: Good seller""], ""network_generation"": [""fallback_5g: network_generation: fallback_5g: network_generation: no_lte_4g_or_5g_keyword_matched"", ""fallback_4g_lte: network_generation: fallback_5g: network_generation: no_lte_4g_or_5g_keyword_matched"", ""fallback_only_network_generation_signal""], ""network_generation_inferred"": [""no_medium_generation_signal""]}"
qoo10_jp,hk,香港 eSIM マカオ eSIM 正規eSIM 超高速6-10日 データ無制限 香港eSIM 6-10日間 無制限 QRコードで esim香港 8日間 9日間 10日間 6日間 7日 簡単登録eSIM,2750,,Power seller,62,,,,10일,10일,6일,local,unknown,unknown,low,,"{""skt"": true, ""kt"": null, ""lgu"": null}",unlimited,https://www.qoo10.jp/item/%e9%a6%99%e6%b8%af-ESIM-%e3%83%9e%e3%82%ab%e3%82%aa-ESIM-%e6%ad%a3%e8%a6%8fESIM-%e8%b6%85%e9%ab%98%e9%80%9f6-10%e6%97%a5-%e3%83%87%e3%83%bc%e3%82%bf%e7%84%a1%e5%88%b6%e9%99%90-%e9%a6%99%e6%b8%afESIM-6-10%e6%97%a5%e9%96%93-%e7%84%a1%e5%88%b6%e9%99%90-QR%e3%82%b3%e3%83%bc%e3%83%89%e3%81%a7/1191140590,,1191140590,正規eSIM 即時対応 180万枚突破 ...,,"{""title"": [""香港 eSIM マカオ eSIM 正規eSIM 超高速6-10日 データ無制限 香港eSIM 6-10日間 無制限 QRコードで esim香港 8日間 9日間 10日間 6日間 7日 簡単登録eSIM""], ""option_candidates"": [""6日 香港 マカオ（超高速無制限のトラフィック） - 数量 : 999999"", ""7日 香港 マカオ（超高速無制限のトラフィック）(+150円) - 数量 : 999999"", ""8日 香港 マカオ（超高速無制限のトラフィック）(+700円) - 数量 : 999999""], ""representative_option"": [""10日 香港 マカオ （超高速無制限のトラフィック）(+900円) - 数量 : 999999"", ""title_match_score=8""], ""price_jpy"": [""販売価格 1,850円 + option surcharge 900"", ""10日 香港 マカオ （超高速無制限のトラフィック）(+900円) - 数量 : 999999""], ""usage_validity"": [""10日 香港 マカオ （超高速無制限のトラフィック）(+900円) - 数量 : 999999""], ""activation_validity"": [""香港 eSIM マカオ eSIM 正規eSIM 超高速6-10日 データ無制限 香港eSIM 6-10日間 無制限 QRコードで esim香港 8日間 9日間 10日間 6日間 7日 簡単登録eSIM""], ""data_amount"": [""10日 香港 マカオ （超高速無制限のトラフィック）(+900円) - 数量 : 999999""], ""network_type"": [""qoo10_local_signal: 【SKTelecoｍ公式認証】韓国eSIM 3日間(72時間) 電話番号付き 超高速データ無制限 最初の5分発信無料(韓国国内) LINE即日発行 ご購入日より120日以内 韓国SIM 1,980円 1,680円 4.9 (35,807)""], ""carrier_support_kr"": [""【SKTelecoｍ公式認証】韓国eSIM 3日間(72時間) 電話番号付き 超高速データ無制限 最初の5分発信無料(韓国国内) LINE即日発行 ご購入日より120日以内 韓国SIM 1,980円 1,680円 4.9 (35,807)""], ""seller"": [""正規eSIM 即時対応 180万枚突破 ...""], ""seller_badge"": [""search_result: Power seller""], ""network_generation"": [""fallback_5g: network_generation: fallback_5g: network_generation: no_lte_4g_or_5g_keyword_matched"", ""fallback_4g_lte: network_generation: fallback_5g: network_generation: no_lte_4g_or_5g_keyword_matched"", ""fallback_only_network_generation_signal""], ""network_generation_inferred"": [""no_medium_generation_signal""]}"
qoo10_jp,hk,【共通して用 中国/香港/マカオ】 eSIM 正規eSIM 超高速3-10日間 データ無制限 無制限 QRコードで eSIM 3日間 eSIM 5日間 eSIM 4日間 eSIM,1100,,Good seller,63,,,,3일,3일,3일,unknown,unknown,unknown,low,,"{""skt"": true, ""kt"": null, ""lgu"": null}",unlimited,https://www.qoo10.jp/item/%e5%85%b1%e9%80%9a%e3%81%97%e3%81%a6%e7%94%a8-%e4%b8%ad%e5%9b%bd-%e9%a6%99%e6%b8%af-%e3%83%9e%e3%82%ab%e3%82%aa-ESIM-%e6%ad%a3%e8%a6%8fESIM-%e8%b6%85%e9%ab%98%e9%80%9f3-10%e6%97%a5%e9%96%93-%e3%83%87%e3%83%bc%e3%82%bf%e7%84%a1%e5%88%b6%e9%99%90-%e7%84%a1%e5%88%b6%e9%99%90-QR%e3%82%b3%e3%83%bc%e3%83%89%e3%81%a7-ESIM/1190348579,,1190348579,正規eSIM 即時対応 100万枚突破 ...,,"{""title"": [""【共通して用 中国/香港/マカオ】 eSIM 正規eSIM 超高速3-10日間 データ無制限 無制限 QRコードで eSIM 3日間 eSIM 5日間 eSIM 4日間 eSIM""], ""price_jpy"": [""販売価格 1,100円""], ""usage_validity"": [""【共通して用 中国/香港/マカオ】 eSIM 正規eSIM 超高速3-10日間 データ無制限 無制限 QRコードで eSIM 3日間 eSIM 5日間 eSIM 4日間 eSIM""], ""activation_validity"": [""【SKTelecoｍ公式認証】韓国eSIM 3日間(72時間) 電話番号付き 超高速データ無制限 最初の5分発信無料(韓国国内) LINE即日発行 ご購入日より120日以内 韓国SIM 1,980円 1,680円 4.9 (35,807)""], ""data_amount"": [""【共通して用 中国/香港/マカオ】 eSIM 正規eSIM 超高速3-10日間 データ無制限 無制限 QRコードで eSIM 3日間 eSIM 5日間 eSIM 4日間 eSIM""], ""network_type"": [""qoo10_local_signal: 【SKTelecoｍ公式認証】韓国eSIM 3日間(72時間) 電話番号付き 超高速データ無制限 最初の5分発信無料(韓国国内) LINE即日発行 ご購入日より120日以内 韓国SIM 1,980円 1,680円 4.9 (35,807)"", ""local_claim_refers_to:cn""], ""carrier_support_kr"": [""【SKTelecoｍ公式認証】韓国eSIM 3日間(72時間) 電話番号付き 超高速データ無制限 最初の5分発信無料(韓国国内) LINE即日発行 ご購入日より120日以内 韓国SIM 1,980円 1,680円 4.9 (35,807)""], ""seller"": [""正規eSIM 即時対応 100万枚突破 ...""], ""seller_badge"": [""search_result: Good seller""], ""network_generation"": [""fallback_5g: network_generation: fallback_5g: network_generation: no_lte_4g_or_5g_keyword_matched"", ""fallback_4g_lte: network_generation: fallback_5g: network_generation: no_lte_4g_or_5g_keyword_matched"", ""fallback_only_network_generation_signal""], ""network_generation_inferred"": [""no_medium_generation_signal""]}"
qoo10_jp,hk,【共通して用 中国/香港/マカオ】 eSIM 正規eSIM 超高速6-10日間 データ無制限 無制限 QRコードで eSIM 8日間 eSIM 6日間 eSIM 7日間 eSIM 10日間 eSIM,2200,,Good seller,65,,,,3일,3일,6일,unknown,unknown,unknown,low,,"{""skt"": true, ""kt"": null, ""lgu"": null}",unlimited,https://www.qoo10.jp/item/%e5%85%b1%e9%80%9a%e3%81%97%e3%81%a6%e7%94%a8-%e4%b8%ad%e5%9b%bd-%e9%a6%99%e6%b8%af-%e3%83%9e%e3%82%ab%e3%82%aa-ESIM-%e6%ad%a3%e8%a6%8fESIM-%e8%b6%85%e9%ab%98%e9%80%9f6-10%e6%97%a5%e9%96%93-%e3%83%87%e3%83%bc%e3%82%bf%e7%84%a1%e5%88%b6%e9%99%90-%e7%84%a1%e5%88%b6%e9%99%90-QR%e3%82%b3%e3%83%bc%e3%83%89%e3%81%a7-ESIM/1187988437,,1187988437,正規eSIM 即時対応 100万枚突破 ...,,"{""title"": [""【共通して用 中国/香港/マカオ】 eSIM 正規eSIM 超高速6-10日間 データ無制限 無制限 QRコードで eSIM 8日間 eSIM 6日間 eSIM 7日間 eSIM 10日間 eSIM""], ""price_jpy"": [""販売価格 2,200円""], ""usage_validity"": [""【SKTelecoｍ公式認証】韓国eSIM 3日間(72時間) 電話番号付き 超高速データ無制限 最初の5分発信無料(韓国国内) LINE即日発行 ご購入日より120日以内 韓国SIM 1,980円 1,680円 4.9 (35,807)""], ""activation_validity"": [""【共通して用 中国/香港/マカオ】 eSIM 正規eSIM 超高速6-10日間 データ無制限 無制限 QRコードで eSIM 8日間 eSIM 6日間 eSIM 7日間 eSIM 10日間 eSIM""], ""data_amount"": [""【共通して用 中国/香港/マカオ】 eSIM 正規eSIM 超高速6-10日間 データ無制限 無制限 QRコードで eSIM 8日間 eSIM 6日間 eSIM 7日間 eSIM 10日間 eSIM""], ""network_type"": [""qoo10_local_signal: 【SKTelecoｍ公式認証】韓国eSIM 3日間(72時間) 電話番号付き 超高速データ無制限 最初の5分発信無料(韓国国内) LINE即日発行 ご購入日より120日以内 韓国SIM 1,980円 1,680円 4.9 (35,807)"", ""local_claim_refers_to:cn""], ""carrier_support_kr"": [""【SKTelecoｍ公式認証】韓国eSIM 3日間(72時間) 電話番号付き 超高速データ無制限 最初の5分発信無料(韓国国内) LINE即日発行 ご購入日より120日以内 韓国SIM 1,980円 1,680円 4.9 (35,807)""], ""seller"": [""正規eSIM 即時対応 100万枚突破 ...""], ""seller_badge"": [""search_result: Good seller""], ""network_generation"": [""fallback_5g: network_generation: fallback_5g: network_generation: no_lte_4g_or_5g_keyword_matched"", ""fallback_4g_lte: network_generation: fallback_5g: network_generation: no_lte_4g_or_5g_keyword_matched"", ""fallback_only_network_generation_signal""], ""network_generation_inferred"": [""no_medium_generation_signal""]}"
qoo10_jp,hk,【共通して用 中国/香港/マカオ】 eSIM 正規eSIM 超高速6-10日間 データ無制限 無制限 QRコードで eSIM 8日間 eSIM 6日間 eSIM 7日間 eSIM 9日間 eSIM,2200,,Good seller,67,,,,3일,3일,6일,unknown,unknown,unknown,low,,"{""skt"": true, ""kt"": null, ""lgu"": null}",unlimited,https://www.qoo10.jp/item/%e5%85%b1%e9%80%9a%e3%81%97%e3%81%a6%e7%94%a8-%e4%b8%ad%e5%9b%bd-%e9%a6%99%e6%b8%af-%e3%83%9e%e3%82%ab%e3%82%aa-ESIM-%e6%ad%a3%e8%a6%8fESIM-%e8%b6%85%e9%ab%98%e9%80%9f6-10%e6%97%a5%e9%96%93-%e3%83%87%e3%83%bc%e3%82%bf%e7%84%a1%e5%88%b6%e9%99%90-%e7%84%a1%e5%88%b6%e9%99%90-QR%e3%82%b3%e3%83%bc%e3%83%89%e3%81%a7-ESIM/1187795700,,1187795700,正規eSIM 即時対応 100万枚突破 ...,,"{""title"": [""【共通して用 中国/香港/マカオ】 eSIM 正規eSIM 超高速6-10日間 データ無制限 無制限 QRコードで eSIM 8日間 eSIM 6日間 eSIM 7日間 eSIM 9日間 eSIM""], ""price_jpy"": [""販売価格 2,200円""], ""usage_validity"": [""【SKTelecoｍ公式認証】韓国eSIM 3日間(72時間) 電話番号付き 超高速データ無制限 最初の5分発信無料(韓国国内) LINE即日発行 ご購入日より120日以内 韓国SIM 1,980円 1,680円 4.9 (35,807)""], ""activation_validity"": [""【共通して用 中国/香港/マカオ】 eSIM 正規eSIM 超高速6-10日間 データ無制限 無制限 QRコードで eSIM 8日間 eSIM 6日間 eSIM 7日間 eSIM 9日間 eSIM""], ""data_amount"": [""【共通して用 中国/香港/マカオ】 eSIM 正規eSIM 超高速6-10日間 データ無制限 無制限 QRコードで eSIM 8日間 eSIM 6日間 eSIM 7日間 eSIM 9日間 eSIM""], ""network_type"": [""qoo10_local_signal: 【SKTelecoｍ公式認証】韓国eSIM 3日間(72時間) 電話番号付き 超高速データ無制限 最初の5分発信無料(韓国国内) LINE即日発行 ご購入日より120日以内 韓国SIM 1,980円 1,680円 4.9 (35,807)"", ""local_claim_refers_to:cn""], ""carrier_support_kr"": [""【SKTelecoｍ公式認証】韓国eSIM 3日間(72時間) 電話番号付き 超高速データ無制限 最初の5分発信無料(韓国国内) LINE即日発行 ご購入日より120日以内 韓国SIM 1,980円 1,680円 4.9 (35,807)""], ""seller"": [""正規eSIM 即時対応 100万枚突破 ...""], ""seller_badge"": [""search_result: Good seller""], ""network_generation"": [""fallback_5g: network_generation: fallback_5g: network_generation: no_lte_4g_or_5g_keyword_matched"", ""fallback_4g_lte: network_generation: fallback_5g: network_generation: no_lte_4g_or_5g_keyword_matched"", ""fallback_only_network_generation_signal""], ""network_generation_inferred"": [""no_medium_generation_signal""]}"
qoo10_jp,hk,【共通して用 中国/香港/マカオ】 eSIM 正規eSIM 超高速3-10日間 データ無制限 無制限 QRコードで eSIM 3日間 eSIM 5日間 eSIM 7日間 eSIM,1100,,Good seller,68,,,,3일,3일,3일,unknown,unknown,unknown,low,,"{""skt"": true, ""kt"": null, ""lgu"": null}",unlimited,https://www.qoo10.jp/item/%e5%85%b1%e9%80%9a%e3%81%97%e3%81%a6%e7%94%a8-%e4%b8%ad%e5%9b%bd-%e9%a6%99%e6%b8%af-%e3%83%9e%e3%82%ab%e3%82%aa-ESIM-%e6%ad%a3%e8%a6%8fESIM-%e8%b6%85%e9%ab%98%e9%80%9f3-10%e6%97%a5%e9%96%93-%e3%83%87%e3%83%bc%e3%82%bf%e7%84%a1%e5%88%b6%e9%99%90-%e7%84%a1%e5%88%b6%e9%99%90-QR%e3%82%b3%e3%83%bc%e3%83%89%e3%81%a7-ESIM/1187795690,,1187795690,正規eSIM 即時対応 100万枚突破 ...,,"{""title"": [""【共通して用 中国/香港/マカオ】 eSIM 正規eSIM 超高速3-10日間 データ無制限 無制限 QRコードで eSIM 3日間 eSIM 5日間 eSIM 7日間 eSIM""], ""price_jpy"": [""販売価格 1,100円""], ""usage_validity"": [""【共通して用 中国/香港/マカオ】 eSIM 正規eSIM 超高速3-10日間 データ無制限 無制限 QRコードで eSIM 3日間 eSIM 5日間 eSIM 7日間 eSIM""], ""activation_validity"": [""【SKTelecoｍ公式認証】韓国eSIM 3日間(72時間) 電話番号付き 超高速データ無制限 最初の5分発信無料(韓国国内) LINE即日発行 ご購入日より120日以内 韓国SIM 1,980円 1,680円 4.9 (35,807)""], ""data_amount"": [""【共通して用 中国/香港/マカオ】 eSIM 正規eSIM 超高速3-10日間 データ無制限 無制限 QRコードで eSIM 3日間 eSIM 5日間 eSIM 7日間 eSIM""], ""network_type"": [""qoo10_local_signal: 【SKTelecoｍ公式認証】韓国eSIM 3日間(72時間) 電話番号付き 超高速データ無制限 最初の5分発信無料(韓国国内) LINE即日発行 ご購入日より120日以内 韓国SIM 1,980円 1,680円 4.9 (35,807)"", ""local_claim_refers_to:cn""], ""carrier_support_kr"": [""【SKTelecoｍ公式認証】韓国eSIM 3日間(72時間) 電話番号付き 超高速データ無制限 最初の5分発信無料(韓国国内) LINE即日発行 ご購入日より120日以内 韓国SIM 1,980円 1,680円 4.9 (35,807)""], ""seller"": [""正規eSIM 即時対応 100万枚突破 ...""], ""seller_badge"": [""search_result: Good seller""], ""network_generation"": [""fallback_5g: network_generation: fallback_5g: network_generation: no_lte_4g_or_5g_keyword_matched"", ""fallback_4g_lte: network_generation: fallback_5g: network_generation: no_lte_4g_or_5g_keyword_matched"", ""fallback_only_network_generation_signal""], ""network_generation_inferred"": [""no_medium_generation_signal""]}"
qoo10_jp,hk,香港 eSIM マカオ eSIM 正規eSIM 超高速6-10日 データ無制限 香港eSIM 6-10日間 無制限 QRコードで esim香港 8日間 9日間 10日間 6日間 7日 簡単登録eSIM,2750,,Power seller,69,,,,10일,10일,6일,local,unknown,unknown,low,,"{""skt"": true, ""kt"": null, ""lgu"": null}",unlimited,https://www.qoo10.jp/item/%e9%a6%99%e6%b8%af-ESIM-%e3%83%9e%e3%82%ab%e3%82%aa-ESIM-%e6%ad%a3%e8%a6%8fESIM-%e8%b6%85%e9%ab%98%e9%80%9f6-10%e6%97%a5-%e3%83%87%e3%83%bc%e3%82%bf%e7%84%a1%e5%88%b6%e9%99%90-%e9%a6%99%e6%b8%afESIM-6-10%e6%97%a5%e9%96%93-%e7%84%a1%e5%88%b6%e9%99%90-QR%e3%82%b3%e3%83%bc%e3%83%89%e3%81%a7/1187795681,,1187795681,正規eSIM 即時対応 180万枚突破 ...,,"{""title"": [""香港 eSIM マカオ eSIM 正規eSIM 超高速6-10日 データ無制限 香港eSIM 6-10日間 無制限 QRコードで esim香港 8日間 9日間 10日間 6日間 7日 簡単登録eSIM""], ""option_candidates"": [""6日 香港 マカオ（超高速無制限のトラフィック） - 数量 : 999999"", ""7日 香港 マカオ（超高速無制限のトラフィック）(+150円) - 数量 : 999999"", ""8日 香港 マカオ（超高速無制限のトラフィック）(+700円) - 数量 : 999999""], ""representative_option"": [""10日 香港 マカオ （超高速無制限のトラフィック）(+900円) - 数量 : 999999"", ""title_match_score=8""], ""price_jpy"": [""販売価格 1,850円 + option surcharge 900"", ""10日 香港 マカオ （超高速無制限のトラフィック）(+900円) - 数量 : 999999""], ""usage_validity"": [""10日 香港 マカオ （超高速無制限のトラフィック）(+900円) - 数量 : 999999""], ""activation_validity"": [""香港 eSIM マカオ eSIM 正規eSIM 超高速6-10日 データ無制限 香港eSIM 6-10日間 無制限 QRコードで esim香港 8日間 9日間 10日間 6日間 7日 簡単登録eSIM""], ""data_amount"": [""10日 香港 マカオ （超高速無制限のトラフィック）(+900円) - 数量 : 999999""], ""network_type"": [""qoo10_local_signal: 【SKTelecoｍ公式認証】韓国eSIM 3日間(72時間) 電話番号付き 超高速データ無制限 最初の5分発信無料(韓国国内) LINE即日発行 ご購入日より120日以内 韓国SIM 1,980円 1,680円 4.9 (35,807)""], ""carrier_support_kr"": [""【SKTelecoｍ公式認証】韓国eSIM 3日間(72時間) 電話番号付き 超高速データ無制限 最初の5分発信無料(韓国国内) LINE即日発行 ご購入日より120日以内 韓国SIM 1,980円 1,680円 4.9 (35,807)""], ""seller"": [""正規eSIM 即時対応 180万枚突破 ...""], ""seller_badge"": [""search_result: Power seller""], ""network_generation"": [""fallback_5g: network_generation: fallback_5g: network_generation: no_lte_4g_or_5g_keyword_matched"", ""fallback_4g_lte: network_generation: fallback_5g: network_generation: no_lte_4g_or_5g_keyword_matched"", ""fallback_only_network_generation_signal""], ""network_generation_inferred"": [""no_medium_generation_signal""]}"
qoo10_jp,hk,【共通して用 中国/香港/マカオ】 eSIM 正規eSIM 超高速6-10日間 データ無制限 無制限 QRコードで eSIM 8日間 eSIM 6日間 eSIM 7日間 eSIM 10日間 eSIM,2200,,Good seller,70,,,,3일,3일,6일,unknown,unknown,unknown,low,,"{""skt"": true, ""kt"": null, ""lgu"": null}",unlimited,https://www.qoo10.jp/item/%e5%85%b1%e9%80%9a%e3%81%97%e3%81%a6%e7%94%a8-%e4%b8%ad%e5%9b%bd-%e9%a6%99%e6%b8%af-%e3%83%9e%e3%82%ab%e3%82%aa-ESIM-%e6%ad%a3%e8%a6%8fESIM-%e8%b6%85%e9%ab%98%e9%80%9f6-10%e6%97%a5%e9%96%93-%e3%83%87%e3%83%bc%e3%82%bf%e7%84%a1%e5%88%b6%e9%99%90-%e7%84%a1%e5%88%b6%e9%99%90-QR%e3%82%b3%e3%83%bc%e3%83%89%e3%81%a7-ESIM/1187735288,,1187735288,正規eSIM 即時対応 100万枚突破 ...,,"{""title"": [""【共通して用 中国/香港/マカオ】 eSIM 正規eSIM 超高速6-10日間 データ無制限 無制限 QRコードで eSIM 8日間 eSIM 6日間 eSIM 7日間 eSIM 10日間 eSIM""], ""price_jpy"": [""販売価格 2,200円""], ""usage_validity"": [""【SKTelecoｍ公式認証】韓国eSIM 3日間(72時間) 電話番号付き 超高速データ無制限 最初の5分発信無料(韓国国内) LINE即日発行 ご購入日より120日以内 韓国SIM 1,980円 1,680円 4.9 (35,807)""], ""activation_validity"": [""【共通して用 中国/香港/マカオ】 eSIM 正規eSIM 超高速6-10日間 データ無制限 無制限 QRコードで eSIM 8日間 eSIM 6日間 eSIM 7日間 eSIM 10日間 eSIM""], ""data_amount"": [""【共通して用 中国/香港/マカオ】 eSIM 正規eSIM 超高速6-10日間 データ無制限 無制限 QRコードで eSIM 8日間 eSIM 6日間 eSIM 7日間 eSIM 10日間 eSIM""], ""network_type"": [""qoo10_local_signal: 【SKTelecoｍ公式認証】韓国eSIM 3日間(72時間) 電話番号付き 超高速データ無制限 最初の5分発信無料(韓国国内) LINE即日発行 ご購入日より120日以内 韓国SIM 1,980円 1,680円 4.9 (35,807)"", ""local_claim_refers_to:cn""], ""carrier_support_kr"": [""【SKTelecoｍ公式認証】韓国eSIM 3日間(72時間) 電話番号付き 超高速データ無制限 最初の5分発信無料(韓国国内) LINE即日発行 ご購入日より120日以内 韓国SIM 1,980円 1,680円 4.9 (35,807)""], ""seller"": [""正規eSIM 即時対応 100万枚突破 ...""], ""seller_badge"": [""search_result: Good seller""], ""network_generation"": [""fallback_5g: network_generation: fallback_5g: network_generation: no_lte_4g_or_5g_keyword_matched"", ""fallback_4g_lte: network_generation: fallback_5g: network_generation: no_lte_4g_or_5g_keyword_matched"", ""fallback_only_network_generation_signal""], ""network_generation_inferred"": [""no_medium_generation_signal""]}"
qoo10_jp,hk,香港 eSIM マカオ eSIM 正規eSIM 超高速6-10日 データ無制限 香港eSIM 6-10日間 無制限 QRコードで esim香港 8日間 9日間 10日間 6日間 7日 簡単登録eSIM,2750,,Power seller,71,,,,10일,10일,6일,local,unknown,unknown,low,,"{""skt"": true, ""kt"": null, ""lgu"": null}",unlimited,https://www.qoo10.jp/item/%e9%a6%99%e6%b8%af-ESIM-%e3%83%9e%e3%82%ab%e3%82%aa-ESIM-%e6%ad%a3%e8%a6%8fESIM-%e8%b6%85%e9%ab%98%e9%80%9f6-10%e6%97%a5-%e3%83%87%e3%83%bc%e3%82%bf%e7%84%a1%e5%88%b6%e9%99%90-%e9%a6%99%e6%b8%afESIM-6-10%e6%97%a5%e9%96%93-%e7%84%a1%e5%88%b6%e9%99%90-QR%e3%82%b3%e3%83%bc%e3%83%89%e3%81%a7/1187724322,,1187724322,正規eSIM 即時対応 180万枚突破 ...,,"{""title"": [""香港 eSIM マカオ eSIM 正規eSIM 超高速6-10日 データ無制限 香港eSIM 6-10日間 無制限 QRコードで esim香港 8日間 9日間 10日間 6日間 7日 簡単登録eSIM""], ""option_candidates"": [""6日 香港 マカオ（超高速無制限のトラフィック） - 数量 : 999999"", ""7日 香港 マカオ（超高速無制限のトラフィック）(+150円) - 数量 : 999999"", ""8日 香港 マカオ（超高速無制限のトラフィック）(+700円) - 数量 : 999999""], ""representative_option"": [""10日 香港 マカオ （超高速無制限のトラフィック）(+900円) - 数量 : 999999"", ""title_match_score=8""], ""price_jpy"": [""販売価格 1,850円 + option surcharge 900"", ""10日 香港 マカオ （超高速無制限のトラフィック）(+900円) - 数量 : 999999""], ""usage_validity"": [""10日 香港 マカオ （超高速無制限のトラフィック）(+900円) - 数量 : 999999""], ""activation_validity"": [""香港 eSIM マカオ eSIM 正規eSIM 超高速6-10日 データ無制限 香港eSIM 6-10日間 無制限 QRコードで esim香港 8日間 9日間 10日間 6日間 7日 簡単登録eSIM""], ""data_amount"": [""10日 香港 マカオ （超高速無制限のトラフィック）(+900円) - 数量 : 999999""], ""network_type"": [""qoo10_local_signal: 【SKTelecoｍ公式認証】韓国eSIM 3日間(72時間) 電話番号付き 超高速データ無制限 最初の5分発信無料(韓国国内) LINE即日発行 ご購入日より120日以内 韓国SIM 1,980円 1,680円 4.9 (35,807)""], ""carrier_support_kr"": [""【SKTelecoｍ公式認証】韓国eSIM 3日間(72時間) 電話番号付き 超高速データ無制限 最初の5分発信無料(韓国国内) LINE即日発行 ご購入日より120日以内 韓国SIM 1,980円 1,680円 4.9 (35,807)""], ""seller"": [""正規eSIM 即時対応 180万枚突破 ...""], ""seller_badge"": [""search_result: Power seller""], ""network_generation"": [""fallback_5g: network_generation: fallback_5g: network_generation: no_lte_4g_or_5g_keyword_matched"", ""fallback_4g_lte: network_generation: fallback_5g: network_generation: no_lte_4g_or_5g_keyword_matched"", ""fallback_only_network_generation_signal""], ""network_generation_inferred"": [""no_medium_generation_signal""]}"
qoo10_jp,hk,香港 eSIM マカオ eSIM 正規eSIM 超高速6-10日 データ無制限 香港eSIM 6-10日間 無制限 QRコードで esim香港 8日間 10日間 9日間 6日間 7日 簡単登録eSIM,2750,,Power seller,72,,,,10일,10일,6일,local,unknown,unknown,low,,"{""skt"": true, ""kt"": null, ""lgu"": null}",unlimited,https://www.qoo10.jp/item/%e9%a6%99%e6%b8%af-ESIM-%e3%83%9e%e3%82%ab%e3%82%aa-ESIM-%e6%ad%a3%e8%a6%8fESIM-%e8%b6%85%e9%ab%98%e9%80%9f6-10%e6%97%a5-%e3%83%87%e3%83%bc%e3%82%bf%e7%84%a1%e5%88%b6%e9%99%90-%e9%a6%99%e6%b8%afESIM-6-10%e6%97%a5%e9%96%93-%e7%84%a1%e5%88%b6%e9%99%90-QR%e3%82%b3%e3%83%bc%e3%83%89%e3%81%a7/1187723754,,1187723754,正規eSIM 即時対応 180万枚突破 ...,,"{""title"": [""香港 eSIM マカオ eSIM 正規eSIM 超高速6-10日 データ無制限 香港eSIM 6-10日間 無制限 QRコードで esim香港 8日間 10日間 9日間 6日間 7日 簡単登録eSIM""], ""option_candidates"": [""6日 香港 マカオ（超高速無制限のトラフィック） - 数量 : 999999"", ""7日 香港 マカオ（超高速無制限のトラフィック）(+150円) - 数量 : 999999"", ""8日 香港 マカオ（超高速無制限のトラフィック）(+700円) - 数量 : 999999""], ""representative_option"": [""10日 香港 マカオ （超高速無制限のトラフィック）(+900円) - 数量 : 999999"", ""title_match_score=8""], ""price_jpy"": [""販売価格 1,850円 + option surcharge 900"", ""10日 香港 マカオ （超高速無制限のトラフィック）(+900円) - 数量 : 999999""], ""usage_validity"": [""10日 香港 マカオ （超高速無制限のトラフィック）(+900円) - 数量 : 999999""], ""activation_validity"": [""香港 eSIM マカオ eSIM 正規eSIM 超高速6-10日 データ無制限 香港eSIM 6-10日間 無制限 QRコードで esim香港 8日間 10日間 9日間 6日間 7日 簡単登録eSIM""], ""data_amount"": [""10日 香港 マカオ （超高速無制限のトラフィック）(+900円) - 数量 : 999999""], ""network_type"": [""qoo10_local_signal: 【SKTelecoｍ公式認証】韓国eSIM 3日間(72時間) 電話番号付き 超高速データ無制限 最初の5分発信無料(韓国国内) LINE即日発行 ご購入日より120日以内 韓国SIM 1,980円 1,680円 4.9 (35,807)""], ""carrier_support_kr"": [""【SKTelecoｍ公式認証】韓国eSIM 3日間(72時間) 電話番号付き 超高速データ無制限 最初の5分発信無料(韓国国内) LINE即日発行 ご購入日より120日以内 韓国SIM 1,980円 1,680円 4.9 (35,807)""], ""seller"": [""正規eSIM 即時対応 180万枚突破 ...""], ""seller_badge"": [""search_result: Power seller""], ""network_generation"": [""fallback_5g: network_generation: fallback_5g: network_generation: no_lte_4g_or_5g_keyword_matched"", ""fallback_4g_lte: network_generation: fallback_5g: network_generation: no_lte_4g_or_5g_keyword_matched"", ""fallback_only_network_generation_signal""], ""network_generation_inferred"": [""no_medium_generation_signal""]}"
qoo10_jp,hk,【共通して用 中国/香港/マカオ】 eSIM 正規eSIM 超高速3-7日間 データ無制限 無制限 QRコードで eSIM 3日間 eSIM 5日間 eSIM 7日間 eSIM,1100,,Good seller,73,,,,3일,3일,3일,unknown,unknown,unknown,low,,"{""skt"": true, ""kt"": null, ""lgu"": null}",unlimited,https://www.qoo10.jp/item/%e5%85%b1%e9%80%9a%e3%81%97%e3%81%a6%e7%94%a8-%e4%b8%ad%e5%9b%bd-%e9%a6%99%e6%b8%af-%e3%83%9e%e3%82%ab%e3%82%aa-ESIM-%e6%ad%a3%e8%a6%8fESIM-%e8%b6%85%e9%ab%98%e9%80%9f3-7%e6%97%a5%e9%96%93-%e3%83%87%e3%83%bc%e3%82%bf%e7%84%a1%e5%88%b6%e9%99%90-%e7%84%a1%e5%88%b6%e9%99%90-QR%e3%82%b3%e3%83%bc%e3%83%89%e3%81%a7-ESIM/1187511566,,1187511566,正規eSIM 即時対応 100万枚突破 ...,,"{""title"": [""【共通して用 中国/香港/マカオ】 eSIM 正規eSIM 超高速3-7日間 データ無制限 無制限 QRコードで eSIM 3日間 eSIM 5日間 eSIM 7日間 eSIM""], ""price_jpy"": [""販売価格 1,100円""], ""usage_validity"": [""【共通して用 中国/香港/マカオ】 eSIM 正規eSIM 超高速3-7日間 データ無制限 無制限 QRコードで eSIM 3日間 eSIM 5日間 eSIM 7日間 eSIM""], ""activation_validity"": [""【SKTelecoｍ公式認証】韓国eSIM 3日間(72時間) 電話番号付き 超高速データ無制限 最初の5分発信無料(韓国国内) LINE即日発行 ご購入日より120日以内 韓国SIM 1,980円 1,680円 4.9 (35,807)""], ""data_amount"": [""【共通して用 中国/香港/マカオ】 eSIM 正規eSIM 超高速3-7日間 データ無制限 無制限 QRコードで eSIM 3日間 eSIM 5日間 eSIM 7日間 eSIM""], ""network_type"": [""qoo10_local_signal: 【SKTelecoｍ公式認証】韓国eSIM 3日間(72時間) 電話番号付き 超高速データ無制限 最初の5分発信無料(韓国国内) LINE即日発行 ご購入日より120日以内 韓国SIM 1,980円 1,680円 4.9 (35,807)"", ""local_claim_refers_to:cn""], ""carrier_support_kr"": [""【SKTelecoｍ公式認証】韓国eSIM 3日間(72時間) 電話番号付き 超高速データ無制限 最初の5分発信無料(韓国国内) LINE即日発行 ご購入日より120日以内 韓国SIM 1,980円 1,680円 4.9 (35,807)""], ""seller"": [""正規eSIM 即時対応 100万枚突破 ...""], ""seller_badge"": [""search_result: Good seller""], ""network_generation"": [""fallback_5g: network_generation: fallback_5g: network_generation: no_lte_4g_or_5g_keyword_matched"", ""fallback_4g_lte: network_generation: fallback_5g: network_generation: no_lte_4g_or_5g_keyword_matched"", ""fallback_only_network_generation_signal""], ""network_generation_inferred"": [""no_medium_generation_signal""]}"
qoo10_jp,hk,【香港 eSIM データ無制限】香港 eSIM 正規eSIM 超高速 7日間 データ無制限 eSIM 7日間 無制限 QRコードで 香港 esim 7日間 esim 香港,1800,,Good seller,74,,,,7일,7일,7일,local,unknown,unknown,low,,"{""skt"": true, ""kt"": null, ""lgu"": null}",unlimited,https://www.qoo10.jp/item/%e9%a6%99%e6%b8%af-ESIM-%e3%83%87%e3%83%bc%e3%82%bf%e7%84%a1%e5%88%b6%e9%99%90-%e9%a6%99%e6%b8%af-ESIM-%e6%ad%a3%e8%a6%8fESIM-%e8%b6%85%e9%ab%98%e9%80%9f-7%e6%97%a5%e9%96%93-%e3%83%87%e3%83%bc%e3%82%bf%e7%84%a1%e5%88%b6%e9%99%90-ESIM-7%e6%97%a5%e9%96%93-%e7%84%a1%e5%88%b6%e9%99%90-QR%e3%82%b3%e3%83%bc%e3%83%89%e3%81%a7/1180497240,,1180497240,正規eSIM 即時対応 100万枚突破 ...,,"{""title"": [""【香港 eSIM データ無制限】香港 eSIM 正規eSIM 超高速 7日間 データ無制限 eSIM 7日間 無制限 QRコードで 香港 esim 7日間 esim 香港""], ""option_candidates"": [""7日 香港（超高速無制限のトラフィック） - 数量 : 999999""], ""representative_option"": [""7日 香港（超高速無制限のトラフィック） - 数量 : 999999"", ""title_match_score=8""], ""price_jpy"": [""販売価格 1,800円 + option surcharge 0"", ""7日 香港（超高速無制限のトラフィック） - 数量 : 999999""], ""usage_validity"": [""7日 香港（超高速無制限のトラフィック） - 数量 : 999999""], ""activation_validity"": [""【香港 eSIM データ無制限】香港 eSIM 正規eSIM 超高速 7日間 データ無制限 eSIM 7日間 無制限 QRコードで 香港 esim 7日間 esim 香港""], ""data_amount"": [""7日 香港（超高速無制限のトラフィック） - 数量 : 999999""], ""network_type"": [""qoo10_local_signal: 【SKTelecoｍ公式認証】韓国eSIM 3日間(72時間) 電話番号付き 超高速データ無制限 最初の5分発信無料(韓国国内) LINE即日発行 ご購入日より120日以内 韓国SIM 1,980円 1,680円 4.9 (35,807)""], ""carrier_support_kr"": [""【SKTelecoｍ公式認証】韓国eSIM 3日間(72時間) 電話番号付き 超高速データ無制限 最初の5分発信無料(韓国国内) LINE即日発行 ご購入日より120日以内 韓国SIM 1,980円 1,680円 4.9 (35,807)""], ""seller"": [""正規eSIM 即時対応 100万枚突破 ...""], ""seller_badge"": [""search_result: Good seller""], ""network_generation"": [""fallback_5g: network_generation: fallback_5g: network_generation: no_lte_4g_or_5g_keyword_matched"", ""fallback_4g_lte: network_generation: fallback_5g: network_generation: no_lte_4g_or_5g_keyword_matched"", ""fallback_only_network_generation_signal""], ""network_generation_inferred"": [""no_medium_generation_signal""]}"
qoo10_jp,hk,【香港 eSIM データ無制限】香港 eSIM 正規eSIM 超高速 6日間 データ無制限 eSIM 6日間 無制限 QRコードで 香港 esim 6日間 esim 香港,1650,,Good seller,75,,,,6일,6일,6일,local,unknown,unknown,low,,"{""skt"": true, ""kt"": null, ""lgu"": null}",unlimited,https://www.qoo10.jp/item/%e9%a6%99%e6%b8%af-ESIM-%e3%83%87%e3%83%bc%e3%82%bf%e7%84%a1%e5%88%b6%e9%99%90-%e9%a6%99%e6%b8%af-ESIM-%e6%ad%a3%e8%a6%8fESIM-%e8%b6%85%e9%ab%98%e9%80%9f-6%e6%97%a5%e9%96%93-%e3%83%87%e3%83%bc%e3%82%bf%e7%84%a1%e5%88%b6%e9%99%90-ESIM-6%e6%97%a5%e9%96%93-%e7%84%a1%e5%88%b6%e9%99%90-QR%e3%82%b3%e3%83%bc%e3%83%89%e3%81%a7/1180497209,,1180497209,正規eSIM 即時対応 100万枚突破 ...,,"{""title"": [""【香港 eSIM データ無制限】香港 eSIM 正規eSIM 超高速 6日間 データ無制限 eSIM 6日間 無制限 QRコードで 香港 esim 6日間 esim 香港""], ""option_candidates"": [""6日 香港（超高速無制限のトラフィック） - 数量 : 999999""], ""representative_option"": [""6日 香港（超高速無制限のトラフィック） - 数量 : 999999"", ""title_match_score=8""], ""price_jpy"": [""販売価格 1,650円 + option surcharge 0"", ""6日 香港（超高速無制限のトラフィック） - 数量 : 999999""], ""usage_validity"": [""6日 香港（超高速無制限のトラフィック） - 数量 : 999999""], ""activation_validity"": [""【香港 eSIM データ無制限】香港 eSIM 正規eSIM 超高速 6日間 データ無制限 eSIM 6日間 無制限 QRコードで 香港 esim 6日間 esim 香港""], ""data_amount"": [""6日 香港（超高速無制限のトラフィック） - 数量 : 999999""], ""network_type"": [""qoo10_local_signal: 【SKTelecoｍ公式認証】韓国eSIM 3日間(72時間) 電話番号付き 超高速データ無制限 最初の5分発信無料(韓国国内) LINE即日発行 ご購入日より120日以内 韓国SIM 1,980円 1,680円 4.9 (35,807)""], ""carrier_support_kr"": [""【SKTelecoｍ公式認証】韓国eSIM 3日間(72時間) 電話番号付き 超高速データ無制限 最初の5分発信無料(韓国国内) LINE即日発行 ご購入日より120日以内 韓国SIM 1,980円 1,680円 4.9 (35,807)""], ""seller"": [""正規eSIM 即時対応 100万枚突破 ...""], ""seller_badge"": [""search_result: Good seller""], ""network_generation"": [""fallback_5g: network_generation: fallback_5g: network_generation: no_lte_4g_or_5g_keyword_matched"", ""fallback_4g_lte: network_generation: fallback_5g: network_generation: no_lte_4g_or_5g_keyword_matched"", ""fallback_only_network_generation_signal""], ""network_generation_inferred"": [""no_medium_generation_signal""]}"
qoo10_jp,hk,【香港 eSIM データ無制限】香港 eSIM 正規eSIM 超高速 5日間 データ無制限 eSIM 5日間 無制限 QRコードで 香港 esim 5日間 esim 香港,1300,,Good seller,76,,,,5일,5일,5일,local,unknown,unknown,low,,"{""skt"": true, ""kt"": null, ""lgu"": null}",unlimited,https://www.qoo10.jp/item/%e9%a6%99%e6%b8%af-ESIM-%e3%83%87%e3%83%bc%e3%82%bf%e7%84%a1%e5%88%b6%e9%99%90-%e9%a6%99%e6%b8%af-ESIM-%e6%ad%a3%e8%a6%8fESIM-%e8%b6%85%e9%ab%98%e9%80%9f-5%e6%97%a5%e9%96%93-%e3%83%87%e3%83%bc%e3%82%bf%e7%84%a1%e5%88%b6%e9%99%90-ESIM-5%e6%97%a5%e9%96%93-%e7%84%a1%e5%88%b6%e9%99%90-QR%e3%82%b3%e3%83%bc%e3%83%89%e3%81%a7/1180497189,,1180497189,正規eSIM 即時対応 100万枚突破 ...,,"{""title"": [""【香港 eSIM データ無制限】香港 eSIM 正規eSIM 超高速 5日間 データ無制限 eSIM 5日間 無制限 QRコードで 香港 esim 5日間 esim 香港""], ""option_candidates"": [""5日 香港（超高速無制限のトラフィック） - 数量 : 999996""], ""representative_option"": [""5日 香港（超高速無制限のトラフィック） - 数量 : 999996"", ""title_match_score=8""], ""price_jpy"": [""販売価格 1,300円 + option surcharge 0"", ""5日 香港（超高速無制限のトラフィック） - 数量 : 999996""], ""usage_validity"": [""5日 香港（超高速無制限のトラフィック） - 数量 : 999996""], ""activation_validity"": [""【香港 eSIM データ無制限】香港 eSIM 正規eSIM 超高速 5日間 データ無制限 eSIM 5日間 無制限 QRコードで 香港 esim 5日間 esim 香港""], ""data_amount"": [""5日 香港（超高速無制限のトラフィック） - 数量 : 999996""], ""network_type"": [""qoo10_local_signal: 【SKTelecoｍ公式認証】韓国eSIM 3日間(72時間) 電話番号付き 超高速データ無制限 最初の5分発信無料(韓国国内) LINE即日発行 ご購入日より120日以内 韓国SIM 1,980円 1,680円 4.9 (35,807)""], ""carrier_support_kr"": [""【SKTelecoｍ公式認証】韓国eSIM 3日間(72時間) 電話番号付き 超高速データ無制限 最初の5分発信無料(韓国国内) LINE即日発行 ご購入日より120日以内 韓国SIM 1,980円 1,680円 4.9 (35,807)""], ""seller"": [""正規eSIM 即時対応 100万枚突破 ...""], ""seller_badge"": [""search_result: Good seller""], ""network_generation"": [""fallback_5g: network_generation: fallback_5g: network_generation: no_lte_4g_or_5g_keyword_matched"", ""fallback_4g_lte: network_generation: fallback_5g: network_generation: no_lte_4g_or_5g_keyword_matched"", ""fallback_only_network_generation_signal""], ""network_generation_inferred"": [""no_medium_generation_signal""]}"
qoo10_jp,hk,【香港 eSIM データ無制限】香港 eSIM 正規eSIM 超高速 3日間 データ無制限 eSIM 3日間 無制限 QRコードで 香港 esim 3日間 esim 香港,950,,Good seller,77,,,,3일,3일,3일,local,unknown,unknown,low,,"{""skt"": true, ""kt"": null, ""lgu"": null}",unlimited,https://www.qoo10.jp/item/%e9%a6%99%e6%b8%af-ESIM-%e3%83%87%e3%83%bc%e3%82%bf%e7%84%a1%e5%88%b6%e9%99%90-%e9%a6%99%e6%b8%af-ESIM-%e6%ad%a3%e8%a6%8fESIM-%e8%b6%85%e9%ab%98%e9%80%9f-3%e6%97%a5%e9%96%93-%e3%83%87%e3%83%bc%e3%82%bf%e7%84%a1%e5%88%b6%e9%99%90-ESIM-3%e6%97%a5%e9%96%93-%e7%84%a1%e5%88%b6%e9%99%90-QR%e3%82%b3%e3%83%bc%e3%83%89%e3%81%a7/1180496996,,1180496996,正規eSIM 即時対応 100万枚突破 ...,,"{""title"": [""【香港 eSIM データ無制限】香港 eSIM 正規eSIM 超高速 3日間 データ無制限 eSIM 3日間 無制限 QRコードで 香港 esim 3日間 esim 香港""], ""option_candidates"": [""3日 香港（超高速無制限のトラフィック） - 数量 : 999999""], ""representative_option"": [""3日 香港（超高速無制限のトラフィック） - 数量 : 999999"", ""title_match_score=8""], ""price_jpy"": [""販売価格 950円 + option surcharge 0"", ""3日 香港（超高速無制限のトラフィック） - 数量 : 999999""], ""usage_validity"": [""3日 香港（超高速無制限のトラフィック） - 数量 : 999999""], ""activation_validity"": [""【SKTelecoｍ公式認証】韓国eSIM 3日間(72時間) 電話番号付き 超高速データ無制限 最初の5分発信無料(韓国国内) LINE即日発行 ご購入日より120日以内 韓国SIM 1,980円 1,680円 4.9 (35,807)""], ""data_amount"": [""3日 香港（超高速無制限のトラフィック） - 数量 : 999999""], ""network_type"": [""qoo10_local_signal: 【SKTelecoｍ公式認証】韓国eSIM 3日間(72時間) 電話番号付き 超高速データ無制限 最初の5分発信無料(韓国国内) LINE即日発行 ご購入日より120日以内 韓国SIM 1,980円 1,680円 4.9 (35,807)""], ""carrier_support_kr"": [""【SKTelecoｍ公式認証】韓国eSIM 3日間(72時間) 電話番号付き 超高速データ無制限 最初の5分発信無料(韓国国内) LINE即日発行 ご購入日より120日以内 韓国SIM 1,980円 1,680円 4.9 (35,807)""], ""seller"": [""正規eSIM 即時対応 100万枚突破 ...""], ""seller_badge"": [""search_result: Good seller""], ""network_generation"": [""fallback_5g: network_generation: fallback_5g: network_generation: no_lte_4g_or_5g_keyword_matched"", ""fallback_4g_lte: network_generation: fallback_5g: network_generation: no_lte_4g_or_5g_keyword_matched"", ""fallback_only_network_generation_signal""], ""network_generation_inferred"": [""no_medium_generation_signal""]}"
qoo10_jp,hk,【5分以内に納品】 香港 マカオ eSIM 6日間／完全無制限（低速化無し）／5G・4G高速データ通信／パスポート登録不要／ご購入から180日間有効,1880,1,Power seller,82,,,,3일,3일,6일,local,unknown,5g_capable,medium,,"{""skt"": true, ""kt"": null, ""lgu"": null}",unlimited,https://www.qoo10.jp/item/5%e5%88%86%e4%bb%a5%e5%86%85%e3%81%ab%e7%b4%8d%e5%93%81-%e9%a6%99%e6%b8%af-%e3%83%9e%e3%82%ab%e3%82%aa-ESIM-6%e6%97%a5%e9%96%93%ef%bc%8f%e5%ae%8c%e5%85%a8%e7%84%a1%e5%88%b6%e9%99%90%ef%bc%88%e4%bd%8e%e9%80%9f%e5%8c%96%e7%84%a1%e3%81%97%ef%bc%89%ef%bc%8f5G%e3%83%bb4G%e9%ab%98%e9%80%9f%e3%83%87%e3%83%bc%e3%82%bf%e9%80%9a%e4%bf%a1%ef%bc%8f%e3%83%91%e3%82%b9%e3%83%9d%e3%83%bc%e3%83%88%e7%99%bb%e9%8c%b2%e4%b8%8d%e8%a6%81%ef%bc%8f%e3%81%94%e8%b3%bc%e5%85%a5%e3%81%8b%e3%82%89180%e6%97%a5%e9%96%93/1173384080,,1173384080,スマートeSIM,,"{""title"": [""【5分以内に納品】 香港 マカオ eSIM 6日間／完全無制限（低速化無し）／5G・4G高速データ通信／パスポート登録不要／ご購入から180日間有効""], ""price_jpy"": [""販売価格 1,880円""], ""usage_validity"": [""【SKTelecoｍ公式認証】韓国eSIM 3日間(72時間) 電話番号付き 超高速データ無制限 最初の5分発信無料(韓国国内) LINE即日発行 ご購入日より120日以内 韓国SIM 1,980円 1,680円 4.9 (35,807)""], ""activation_validity"": [""【5分以内に納品】 香港 マカオ eSIM 6日間／完全無制限（低速化無し）／5G・4G高速データ通信／パスポート登録不要／ご購入から180日間有効""], ""data_amount"": [""【5分以内に納品】 香港 マカオ eSIM 6日間／完全無制限（低速化無し）／5G・4G高速データ通信／パスポート登録不要／ご購入から180日間有効""], ""network_type"": [""qoo10_local_signal: 【SKTelecoｍ公式認証】韓国eSIM 3日間(72時間) 電話番号付き 超高速データ無制限 最初の5分発信無料(韓国国内) LINE即日発行 ご購入日より120日以内 韓国SIM 1,980円 1,680円 4.9 (35,807)""], ""carrier_support_kr"": [""【SKTelecoｍ公式認証】韓国eSIM 3日間(72時間) 電話番号付き 超高速データ無制限 最初の5分発信無料(韓国国内) LINE即日発行 ご購入日より120日以内 韓国SIM 1,980円 1,680円 4.9 (35,807)""], ""seller"": [""スマートeSIM""], ""review_count"": [""search_result: 1""], ""seller_badge"": [""search_result: Power seller""], ""network_generation"": [""fallback_5g: network_generation: fallback_5g: network_generation: no_lte_4g_or_5g_keyword_matched"", ""fallback_4g_lte: network_generation: fallback_5g: network_generation: no_lte_4g_or_5g_keyword_matched"", ""fallback_only_network_generation_signal""], ""network_generation_inferred"": [""title: 【5分以内に納品】 香港 マカオ eSIM 6日間／完全無制限（低速化無し）／5G・4G高速データ通信／パスポート登録不要／ご購入から180日間有効"", ""activation_validity: 【5分以内に納品】 香港 マカオ eSIM 6日間／完全無制限（低速化無し）／5G・4G高速データ通信／パスポート登録不要／ご購入から180日間有効"", ""data_amount: 【5分以内に納品】 香港 マカオ eSIM 6日間／完全無制限（低速化無し）／5G・4G高速データ通信／パスポート登録不要／ご購入から180日間有効""]}"
qoo10_jp,hk,【5分以内に納品】 香港 マカオ eSIM 2日間／完全無制限（低速化無し）／5G・4G高速データ通信／パスポート登録不要／ご購入から180日間有効,820,,Power seller,83,,,,2일,2일,3일,local,unknown,5g_capable,medium,,"{""skt"": true, ""kt"": null, ""lgu"": null}",unlimited,https://www.qoo10.jp/item/5%e5%88%86%e4%bb%a5%e5%86%85%e3%81%ab%e7%b4%8d%e5%93%81-%e9%a6%99%e6%b8%af-%e3%83%9e%e3%82%ab%e3%82%aa-ESIM-2%e6%97%a5%e9%96%93%ef%bc%8f%e5%ae%8c%e5%85%a8%e7%84%a1%e5%88%b6%e9%99%90%ef%bc%88%e4%bd%8e%e9%80%9f%e5%8c%96%e7%84%a1%e3%81%97%ef%bc%89%ef%bc%8f5G%e3%83%bb4G%e9%ab%98%e9%80%9f%e3%83%87%e3%83%bc%e3%82%bf%e9%80%9a%e4%bf%a1%ef%bc%8f%e3%83%91%e3%82%b9%e3%83%9d%e3%83%bc%e3%83%88%e7%99%bb%e9%8c%b2%e4%b8%8d%e8%a6%81%ef%bc%8f%e3%81%94%e8%b3%bc%e5%85%a5%e3%81%8b%e3%82%89180%e6%97%a5%e9%96%93/1173384060,,1173384060,スマートeSIM,,"{""title"": [""【5分以内に納品】 香港 マカオ eSIM 2日間／完全無制限（低速化無し）／5G・4G高速データ通信／パスポート登録不要／ご購入から180日間有効""], ""price_jpy"": [""販売価格 820円""], ""usage_validity"": [""【5分以内に納品】 香港 マカオ eSIM 2日間／完全無制限（低速化無し）／5G・4G高速データ通信／パスポート登録不要／ご購入から180日間有効""], ""activation_validity"": [""【SKTelecoｍ公式認証】韓国eSIM 3日間(72時間) 電話番号付き 超高速データ無制限 最初の5分発信無料(韓国国内) LINE即日発行 ご購入日より120日以内 韓国SIM 1,980円 1,680円 4.9 (35,807)""], ""data_amount"": [""【5分以内に納品】 香港 マカオ eSIM 2日間／完全無制限（低速化無し）／5G・4G高速データ通信／パスポート登録不要／ご購入から180日間有効""], ""network_type"": [""qoo10_local_signal: 【SKTelecoｍ公式認証】韓国eSIM 3日間(72時間) 電話番号付き 超高速データ無制限 最初の5分発信無料(韓国国内) LINE即日発行 ご購入日より120日以内 韓国SIM 1,980円 1,680円 4.9 (35,807)""], ""carrier_support_kr"": [""【SKTelecoｍ公式認証】韓国eSIM 3日間(72時間) 電話番号付き 超高速データ無制限 最初の5分発信無料(韓国国内) LINE即日発行 ご購入日より120日以内 韓国SIM 1,980円 1,680円 4.9 (35,807)""], ""seller"": [""スマートeSIM""], ""seller_badge"": [""search_result: Power seller""], ""network_generation"": [""fallback_5g: network_generation: fallback_5g: network_generation: no_lte_4g_or_5g_keyword_matched"", ""fallback_4g_lte: network_generation: fallback_5g: network_generation: no_lte_4g_or_5g_keyword_matched"", ""fallback_only_network_generation_signal""], ""network_generation_inferred"": [""title: 【5分以内に納品】 香港 マカオ eSIM 2日間／完全無制限（低速化無し）／5G・4G高速データ通信／パスポート登録不要／ご購入から180日間有効"", ""usage_validity: 【5分以内に納品】 香港 マカオ eSIM 2日間／完全無制限（低速化無し）／5G・4G高速データ通信／パスポート登録不要／ご購入から180日間有効"", ""data_amount: 【5分以内に納品】 香港 マカオ eSIM 2日間／完全無制限（低速化無し）／5G・4G高速データ通信／パスポート登録不要／ご購入から180日間有効""]}"
qoo10_jp,hk,【香港 eSIM データ無制限】香港 eSIM 正規eSIM 超高速 7日間 データ無制限 eSIM 7日間 無制限 QRコードで 台湾 esim 7日間 esim 香港,1750,,Power seller,84,,,,3일,3일,7일,local,unknown,unknown,low,,"{""skt"": true, ""kt"": null, ""lgu"": null}",unlimited,https://www.qoo10.jp/item/%e9%a6%99%e6%b8%af-ESIM-%e3%83%87%e3%83%bc%e3%82%bf%e7%84%a1%e5%88%b6%e9%99%90-%e9%a6%99%e6%b8%af-ESIM-%e6%ad%a3%e8%a6%8fESIM-%e8%b6%85%e9%ab%98%e9%80%9f-7%e6%97%a5%e9%96%93-%e3%83%87%e3%83%bc%e3%82%bf%e7%84%a1%e5%88%b6%e9%99%90-ESIM-7%e6%97%a5%e9%96%93-%e7%84%a1%e5%88%b6%e9%99%90-QR%e3%82%b3%e3%83%bc%e3%83%89%e3%81%a7/1169210779,,1169210779,正規eSIM 即時対応 60万枚突破 �...,,"{""title"": [""【香港 eSIM データ無制限】香港 eSIM 正規eSIM 超高速 7日間 データ無制限 eSIM 7日間 無制限 QRコードで 台湾 esim 7日間 esim 香港""], ""price_jpy"": [""販売価格 1,750円""], ""usage_validity"": [""【SKTelecoｍ公式認証】韓国eSIM 3日間(72時間) 電話番号付き 超高速データ無制限 最初の5分発信無料(韓国国内) LINE即日発行 ご購入日より120日以内 韓国SIM 1,980円 1,680円 4.9 (35,807)""], ""activation_validity"": [""【香港 eSIM データ無制限】香港 eSIM 正規eSIM 超高速 7日間 データ無制限 eSIM 7日間 無制限 QRコードで 台湾 esim 7日間 esim 香港""], ""data_amount"": [""【香港 eSIM データ無制限】香港 eSIM 正規eSIM 超高速 7日間 データ無制限 eSIM 7日間 無制限 QRコードで 台湾 esim 7日間 esim 香港""], ""network_type"": [""qoo10_local_signal: 【SKTelecoｍ公式認証】韓国eSIM 3日間(72時間) 電話番号付き 超高速データ無制限 最初の5分発信無料(韓国国内) LINE即日発行 ご購入日より120日以内 韓国SIM 1,980円 1,680円 4.9 (35,807)""], ""carrier_support_kr"": [""【SKTelecoｍ公式認証】韓国eSIM 3日間(72時間) 電話番号付き 超高速データ無制限 最初の5分発信無料(韓国国内) LINE即日発行 ご購入日より120日以内 韓国SIM 1,980円 1,680円 4.9 (35,807)""], ""seller"": [""正規eSIM 即時対応 60万枚突破 �...""], ""seller_badge"": [""search_result: Power seller""], ""network_generation"": [""fallback_5g: network_generation: fallback_5g: network_generation: no_lte_4g_or_5g_keyword_matched"", ""fallback_4g_lte: network_generation: fallback_5g: network_generation: no_lte_4g_or_5g_keyword_matched"", ""fallback_only_network_generation_signal""], ""network_generation_inferred"": [""no_medium_generation_signal""]}"
qoo10_jp,hk,【香港 eSIM データ無制限】香港 eSIM 正規eSIM 超高速 6日間 データ無制限 eSIM 6日間 無制限 QRコードで 台湾 esim 6日間 esim 香港,1650,,Power seller,85,,,,3일,3일,6일,local,unknown,unknown,low,,"{""skt"": true, ""kt"": null, ""lgu"": null}",unlimited,https://www.qoo10.jp/item/%e9%a6%99%e6%b8%af-ESIM-%e3%83%87%e3%83%bc%e3%82%bf%e7%84%a1%e5%88%b6%e9%99%90-%e9%a6%99%e6%b8%af-ESIM-%e6%ad%a3%e8%a6%8fESIM-%e8%b6%85%e9%ab%98%e9%80%9f-6%e6%97%a5%e9%96%93-%e3%83%87%e3%83%bc%e3%82%bf%e7%84%a1%e5%88%b6%e9%99%90-ESIM-6%e6%97%a5%e9%96%93-%e7%84%a1%e5%88%b6%e9%99%90-QR%e3%82%b3%e3%83%bc%e3%83%89%e3%81%a7/1169210755,,1169210755,正規eSIM 即時対応 60万枚突破 �...,,"{""title"": [""【香港 eSIM データ無制限】香港 eSIM 正規eSIM 超高速 6日間 データ無制限 eSIM 6日間 無制限 QRコードで 台湾 esim 6日間 esim 香港""], ""price_jpy"": [""販売価格 1,650円""], ""usage_validity"": [""【SKTelecoｍ公式認証】韓国eSIM 3日間(72時間) 電話番号付き 超高速データ無制限 最初の5分発信無料(韓国国内) LINE即日発行 ご購入日より120日以内 韓国SIM 1,980円 1,680円 4.9 (35,807)""], ""activation_validity"": [""【香港 eSIM データ無制限】香港 eSIM 正規eSIM 超高速 6日間 データ無制限 eSIM 6日間 無制限 QRコードで 台湾 esim 6日間 esim 香港""], ""data_amount"": [""【香港 eSIM データ無制限】香港 eSIM 正規eSIM 超高速 6日間 データ無制限 eSIM 6日間 無制限 QRコードで 台湾 esim 6日間 esim 香港""], ""network_type"": [""qoo10_local_signal: 【SKTelecoｍ公式認証】韓国eSIM 3日間(72時間) 電話番号付き 超高速データ無制限 最初の5分発信無料(韓国国内) LINE即日発行 ご購入日より120日以内 韓国SIM 1,980円 1,680円 4.9 (35,807)""], ""carrier_support_kr"": [""【SKTelecoｍ公式認証】韓国eSIM 3日間(72時間) 電話番号付き 超高速データ無制限 最初の5分発信無料(韓国国内) LINE即日発行 ご購入日より120日以内 韓国SIM 1,980円 1,680円 4.9 (35,807)""], ""seller"": [""正規eSIM 即時対応 60万枚突破 �...""], ""seller_badge"": [""search_result: Power seller""], ""network_generation"": [""fallback_5g: network_generation: fallback_5g: network_generation: no_lte_4g_or_5g_keyword_matched"", ""fallback_4g_lte: network_generation: fallback_5g: network_generation: no_lte_4g_or_5g_keyword_matched"", ""fallback_only_network_generation_signal""], ""network_generation_inferred"": [""no_medium_generation_signal""]}"
qoo10_jp,hk,【香港 eSIM データ無制限】香港 eSIM 正規eSIM 超高速 5日間 データ無制限 eSIM 5日間 無制限 QRコードで 台湾 esim 5日間 esim 香港,1300,,Power seller,86,,,,3일,3일,5일,local,unknown,unknown,low,,"{""skt"": true, ""kt"": null, ""lgu"": null}",unlimited,https://www.qoo10.jp/item/%e9%a6%99%e6%b8%af-ESIM-%e3%83%87%e3%83%bc%e3%82%bf%e7%84%a1%e5%88%b6%e9%99%90-%e9%a6%99%e6%b8%af-ESIM-%e6%ad%a3%e8%a6%8fESIM-%e8%b6%85%e9%ab%98%e9%80%9f-5%e6%97%a5%e9%96%93-%e3%83%87%e3%83%bc%e3%82%bf%e7%84%a1%e5%88%b6%e9%99%90-ESIM-5%e6%97%a5%e9%96%93-%e7%84%a1%e5%88%b6%e9%99%90-QR%e3%82%b3%e3%83%bc%e3%83%89%e3%81%a7/1169208887,,1169208887,正規eSIM 即時対応 60万枚突破 �...,,"{""title"": [""【香港 eSIM データ無制限】香港 eSIM 正規eSIM 超高速 5日間 データ無制限 eSIM 5日間 無制限 QRコードで 台湾 esim 5日間 esim 香港""], ""price_jpy"": [""販売価格 1,300円""], ""usage_validity"": [""【SKTelecoｍ公式認証】韓国eSIM 3日間(72時間) 電話番号付き 超高速データ無制限 最初の5分発信無料(韓国国内) LINE即日発行 ご購入日より120日以内 韓国SIM 1,980円 1,680円 4.9 (35,807)""], ""activation_validity"": [""【香港 eSIM データ無制限】香港 eSIM 正規eSIM 超高速 5日間 データ無制限 eSIM 5日間 無制限 QRコードで 台湾 esim 5日間 esim 香港""], ""data_amount"": [""【香港 eSIM データ無制限】香港 eSIM 正規eSIM 超高速 5日間 データ無制限 eSIM 5日間 無制限 QRコードで 台湾 esim 5日間 esim 香港""], ""network_type"": [""qoo10_local_signal: 【SKTelecoｍ公式認証】韓国eSIM 3日間(72時間) 電話番号付き 超高速データ無制限 最初の5分発信無料(韓国国内) LINE即日発行 ご購入日より120日以内 韓国SIM 1,980円 1,680円 4.9 (35,807)""], ""carrier_support_kr"": [""【SKTelecoｍ公式認証】韓国eSIM 3日間(72時間) 電話番号付き 超高速データ無制限 最初の5分発信無料(韓国国内) LINE即日発行 ご購入日より120日以内 韓国SIM 1,980円 1,680円 4.9 (35,807)""], ""seller"": [""正規eSIM 即時対応 60万枚突破 �...""], ""seller_badge"": [""search_result: Power seller""], ""network_generation"": [""fallback_5g: network_generation: fallback_5g: network_generation: no_lte_4g_or_5g_keyword_matched"", ""fallback_4g_lte: network_generation: fallback_5g: network_generation: no_lte_4g_or_5g_keyword_matched"", ""fallback_only_network_generation_signal""], ""network_generation_inferred"": [""no_medium_generation_signal""]}"
qoo10_jp,hk,【香港 eSIM データ無制限】香港 eSIM 正規eSIM 超高速 4日間 データ無制限 eSIM 4日間 無制限 QRコードで 台湾 esim 4日間 esim 香港,1100,1,Power seller,87,,,,3일,3일,4일,local,unknown,unknown,low,,"{""skt"": true, ""kt"": null, ""lgu"": null}",unlimited,https://www.qoo10.jp/item/%e9%a6%99%e6%b8%af-ESIM-%e3%83%87%e3%83%bc%e3%82%bf%e7%84%a1%e5%88%b6%e9%99%90-%e9%a6%99%e6%b8%af-ESIM-%e6%ad%a3%e8%a6%8fESIM-%e8%b6%85%e9%ab%98%e9%80%9f-4%e6%97%a5%e9%96%93-%e3%83%87%e3%83%bc%e3%82%bf%e7%84%a1%e5%88%b6%e9%99%90-ESIM-4%e6%97%a5%e9%96%93-%e7%84%a1%e5%88%b6%e9%99%90-QR%e3%82%b3%e3%83%bc%e3%83%89%e3%81%a7/1169205956,,1169205956,正規eSIM 即時対応 60万枚突破 �...,,"{""title"": [""【香港 eSIM データ無制限】香港 eSIM 正規eSIM 超高速 4日間 データ無制限 eSIM 4日間 無制限 QRコードで 台湾 esim 4日間 esim 香港""], ""price_jpy"": [""販売価格 1,100円""], ""usage_validity"": [""【SKTelecoｍ公式認証】韓国eSIM 3日間(72時間) 電話番号付き 超高速データ無制限 最初の5分発信無料(韓国国内) LINE即日発行 ご購入日より120日以内 韓国SIM 1,980円 1,680円 4.9 (35,807)""], ""activation_validity"": [""【香港 eSIM データ無制限】香港 eSIM 正規eSIM 超高速 4日間 データ無制限 eSIM 4日間 無制限 QRコードで 台湾 esim 4日間 esim 香港""], ""data_amount"": [""【香港 eSIM データ無制限】香港 eSIM 正規eSIM 超高速 4日間 データ無制限 eSIM 4日間 無制限 QRコードで 台湾 esim 4日間 esim 香港""], ""network_type"": [""qoo10_local_signal: 【SKTelecoｍ公式認証】韓国eSIM 3日間(72時間) 電話番号付き 超高速データ無制限 最初の5分発信無料(韓国国内) LINE即日発行 ご購入日より120日以内 韓国SIM 1,980円 1,680円 4.9 (35,807)""], ""carrier_support_kr"": [""【SKTelecoｍ公式認証】韓国eSIM 3日間(72時間) 電話番号付き 超高速データ無制限 最初の5分発信無料(韓国国内) LINE即日発行 ご購入日より120日以内 韓国SIM 1,980円 1,680円 4.9 (35,807)""], ""seller"": [""正規eSIM 即時対応 60万枚突破 �...""], ""review_count"": [""search_result: 1""], ""seller_badge"": [""search_result: Power seller""], ""network_generation"": [""fallback_5g: network_generation: fallback_5g: network_generation: no_lte_4g_or_5g_keyword_matched"", ""fallback_4g_lte: network_generation: fallback_5g: network_generation: no_lte_4g_or_5g_keyword_matched"", ""fallback_only_network_generation_signal""], ""network_generation_inferred"": [""no_medium_generation_signal""]}"
qoo10_jp,hk,【香港 eSIM データ無制限】香港 eSIM 正規eSIM 超高速 3日間 データ無制限 eSIM 3日間 無制限 QRコードで 台湾 esim 3日間 esim 香港,950,,Power seller,88,,,,3일,3일,3일,local,unknown,unknown,low,,"{""skt"": true, ""kt"": null, ""lgu"": null}",unlimited,https://www.qoo10.jp/item/%e9%a6%99%e6%b8%af-ESIM-%e3%83%87%e3%83%bc%e3%82%bf%e7%84%a1%e5%88%b6%e9%99%90-%e9%a6%99%e6%b8%af-ESIM-%e6%ad%a3%e8%a6%8fESIM-%e8%b6%85%e9%ab%98%e9%80%9f-3%e6%97%a5%e9%96%93-%e3%83%87%e3%83%bc%e3%82%bf%e7%84%a1%e5%88%b6%e9%99%90-ESIM-3%e6%97%a5%e9%96%93-%e7%84%a1%e5%88%b6%e9%99%90-QR%e3%82%b3%e3%83%bc%e3%83%89%e3%81%a7/1169201765,,1169201765,正規eSIM 即時対応 60万枚突破 �...,,"{""title"": [""【香港 eSIM データ無制限】香港 eSIM 正規eSIM 超高速 3日間 データ無制限 eSIM 3日間 無制限 QRコードで 台湾 esim 3日間 esim 香港""], ""price_jpy"": [""販売価格 950円""], ""usage_validity"": [""【香港 eSIM データ無制限】香港 eSIM 正規eSIM 超高速 3日間 データ無制限 eSIM 3日間 無制限 QRコードで 台湾 esim 3日間 esim 香港""], ""activation_validity"": [""【SKTelecoｍ公式認証】韓国eSIM 3日間(72時間) 電話番号付き 超高速データ無制限 最初の5分発信無料(韓国国内) LINE即日発行 ご購入日より120日以内 韓国SIM 1,980円 1,680円 4.9 (35,807)""], ""data_amount"": [""【香港 eSIM データ無制限】香港 eSIM 正規eSIM 超高速 3日間 データ無制限 eSIM 3日間 無制限 QRコードで 台湾 esim 3日間 esim 香港""], ""network_type"": [""qoo10_local_signal: 【SKTelecoｍ公式認証】韓国eSIM 3日間(72時間) 電話番号付き 超高速データ無制限 最初の5分発信無料(韓国国内) LINE即日発行 ご購入日より120日以内 韓国SIM 1,980円 1,680円 4.9 (35,807)""], ""carrier_support_kr"": [""【SKTelecoｍ公式認証】韓国eSIM 3日間(72時間) 電話番号付き 超高速データ無制限 最初の5分発信無料(韓国国内) LINE即日発行 ご購入日より120日以内 韓国SIM 1,980円 1,680円 4.9 (35,807)""], ""seller"": [""正規eSIM 即時対応 60万枚突破 �...""], ""seller_badge"": [""search_result: Power seller""], ""network_generation"": [""fallback_5g: network_generation: fallback_5g: network_generation: no_lte_4g_or_5g_keyword_matched"", ""fallback_4g_lte: network_generation: fallback_5g: network_generation: no_lte_4g_or_5g_keyword_matched"", ""fallback_only_network_generation_signal""], ""network_generation_inferred"": [""no_medium_generation_signal""]}"
qoo10_jp,hk,【香港 eSIM データ無制限】香港 eSIM 正規eSIM 超高速 2日間 データ無制限 eSIM 2日間 無制限 QRコードで 台湾 esim 2日間 esim 香港,850,3,Power seller,89,,,,2일,2일,3일,local,unknown,unknown,low,,"{""skt"": true, ""kt"": null, ""lgu"": null}",unlimited,https://www.qoo10.jp/item/%e9%a6%99%e6%b8%af-ESIM-%e3%83%87%e3%83%bc%e3%82%bf%e7%84%a1%e5%88%b6%e9%99%90-%e9%a6%99%e6%b8%af-ESIM-%e6%ad%a3%e8%a6%8fESIM-%e8%b6%85%e9%ab%98%e9%80%9f-2%e6%97%a5%e9%96%93-%e3%83%87%e3%83%bc%e3%82%bf%e7%84%a1%e5%88%b6%e9%99%90-ESIM-2%e6%97%a5%e9%96%93-%e7%84%a1%e5%88%b6%e9%99%90-QR%e3%82%b3%e3%83%bc%e3%83%89%e3%81%a7/1169201504,,1169201504,正規eSIM 即時対応 60万枚突破 �...,,"{""title"": [""【香港 eSIM データ無制限】香港 eSIM 正規eSIM 超高速 2日間 データ無制限 eSIM 2日間 無制限 QRコードで 台湾 esim 2日間 esim 香港""], ""price_jpy"": [""販売価格 850円""], ""usage_validity"": [""【香港 eSIM データ無制限】香港 eSIM 正規eSIM 超高速 2日間 データ無制限 eSIM 2日間 無制限 QRコードで 台湾 esim 2日間 esim 香港""], ""activation_validity"": [""【SKTelecoｍ公式認証】韓国eSIM 3日間(72時間) 電話番号付き 超高速データ無制限 最初の5分発信無料(韓国国内) LINE即日発行 ご購入日より120日以内 韓国SIM 1,980円 1,680円 4.9 (35,807)""], ""data_amount"": [""【香港 eSIM データ無制限】香港 eSIM 正規eSIM 超高速 2日間 データ無制限 eSIM 2日間 無制限 QRコードで 台湾 esim 2日間 esim 香港""], ""network_type"": [""qoo10_local_signal: 【SKTelecoｍ公式認証】韓国eSIM 3日間(72時間) 電話番号付き 超高速データ無制限 最初の5分発信無料(韓国国内) LINE即日発行 ご購入日より120日以内 韓国SIM 1,980円 1,680円 4.9 (35,807)""], ""carrier_support_kr"": [""【SKTelecoｍ公式認証】韓国eSIM 3日間(72時間) 電話番号付き 超高速データ無制限 最初の5分発信無料(韓国国内) LINE即日発行 ご購入日より120日以内 韓国SIM 1,980円 1,680円 4.9 (35,807)""], ""seller"": [""正規eSIM 即時対応 60万枚突破 �...""], ""review_count"": [""search_result: 3""], ""seller_badge"": [""search_result: Power seller""], ""network_generation"": [""fallback_5g: network_generation: fallback_5g: network_generation: no_lte_4g_or_5g_keyword_matched"", ""fallback_4g_lte: network_generation: fallback_5g: network_generation: no_lte_4g_or_5g_keyword_matched"", ""fallback_only_network_generation_signal""], ""network_generation_inferred"": [""no_medium_generation_signal""]}"
qoo10_jp,hk,【香港 eSIM データ無制限】香港 eSIM 正規eSIM 超高速 1日間 データ無制限 eSIM 1日間 無制限 QRコードで 台湾 esim 1日間 esim 香港,460,7,Power seller,90,,,,1일,1일,3일,local,unknown,unknown,low,,"{""skt"": true, ""kt"": null, ""lgu"": null}",unlimited,https://www.qoo10.jp/item/%e9%a6%99%e6%b8%af-ESIM-%e3%83%87%e3%83%bc%e3%82%bf%e7%84%a1%e5%88%b6%e9%99%90-%e9%a6%99%e6%b8%af-ESIM-%e6%ad%a3%e8%a6%8fESIM-%e8%b6%85%e9%ab%98%e9%80%9f-1%e6%97%a5%e9%96%93-%e3%83%87%e3%83%bc%e3%82%bf%e7%84%a1%e5%88%b6%e9%99%90-ESIM-1%e6%97%a5%e9%96%93-%e7%84%a1%e5%88%b6%e9%99%90-QR%e3%82%b3%e3%83%bc%e3%83%89%e3%81%a7/1169201489,,1169201489,正規eSIM 即時対応 60万枚突破 �...,,"{""title"": [""【香港 eSIM データ無制限】香港 eSIM 正規eSIM 超高速 1日間 データ無制限 eSIM 1日間 無制限 QRコードで 台湾 esim 1日間 esim 香港""], ""price_jpy"": [""販売価格 460円""], ""usage_validity"": [""【香港 eSIM データ無制限】香港 eSIM 正規eSIM 超高速 1日間 データ無制限 eSIM 1日間 無制限 QRコードで 台湾 esim 1日間 esim 香港""], ""activation_validity"": [""【SKTelecoｍ公式認証】韓国eSIM 3日間(72時間) 電話番号付き 超高速データ無制限 最初の5分発信無料(韓国国内) LINE即日発行 ご購入日より120日以内 韓国SIM 1,980円 1,680円 4.9 (35,807)""], ""data_amount"": [""【香港 eSIM データ無制限】香港 eSIM 正規eSIM 超高速 1日間 データ無制限 eSIM 1日間 無制限 QRコードで 台湾 esim 1日間 esim 香港""], ""network_type"": [""qoo10_local_signal: 【SKTelecoｍ公式認証】韓国eSIM 3日間(72時間) 電話番号付き 超高速データ無制限 最初の5分発信無料(韓国国内) LINE即日発行 ご購入日より120日以内 韓国SIM 1,980円 1,680円 4.9 (35,807)""], ""carrier_support_kr"": [""【SKTelecoｍ公式認証】韓国eSIM 3日間(72時間) 電話番号付き 超高速データ無制限 最初の5分発信無料(韓国国内) LINE即日発行 ご購入日より120日以内 韓国SIM 1,980円 1,680円 4.9 (35,807)""], ""seller"": [""正規eSIM 即時対応 60万枚突破 �...""], ""review_count"": [""search_result: 7""], ""seller_badge"": [""search_result: Power seller""], ""network_generation"": [""fallback_5g: network_generation: fallback_5g: network_generation: no_lte_4g_or_5g_keyword_matched"", ""fallback_4g_lte: network_generation: fallback_5g: network_generation: no_lte_4g_or_5g_keyword_matched"", ""fallback_only_network_generation_signal""], ""network_generation_inferred"": [""no_medium_generation_signal""]}"
qoo10_jp,hk,香港 eSIM マカオ eSIM 正規eSIM 超高速3-7日 データ無制限 香港eSIM 3-7日間 無制限 QRコードで esim 香港 3日間 5日間 4日間 6日間 7日間 簡単登録 eSIM,2100,3,Power seller,92,,,,7일,7일,3일,local,unknown,unknown,low,,"{""skt"": true, ""kt"": null, ""lgu"": null}",unlimited,https://www.qoo10.jp/item/%e9%a6%99%e6%b8%af-ESIM-%e3%83%9e%e3%82%ab%e3%82%aa-ESIM-%e6%ad%a3%e8%a6%8fESIM-%e8%b6%85%e9%ab%98%e9%80%9f3-7%e6%97%a5-%e3%83%87%e3%83%bc%e3%82%bf%e7%84%a1%e5%88%b6%e9%99%90-%e9%a6%99%e6%b8%afESIM-3-7%e6%97%a5%e9%96%93-%e7%84%a1%e5%88%b6%e9%99%90-QR%e3%82%b3%e3%83%bc%e3%83%89%e3%81%a7/1167819196,,1167819196,正規eSIM 超高速 安心保証⚡,,"{""title"": [""香港 eSIM マカオ eSIM 正規eSIM 超高速3-7日 データ無制限 香港eSIM 3-7日間 無制限 QRコードで esim 香港 3日間 5日間 4日間 6日間 7日間 簡単登録 eSIM""], ""option_candidates"": [""3日 香港 マカオ（超高速無制限のトラフィック） - 数量 : 999998"", ""4日 香港 マカオ（超高速無制限のトラフィック）(+200円) - 数量 : 999999"", ""5日 香港 マカオ （超高速無制限のトラフィック）(+400円) - 数量 : 999999""], ""representative_option"": [""7日 香港 マカオ （超高速無制限のトラフィック）(+700円) - 数量 : 999997"", ""title_match_score=8""], ""price_jpy"": [""販売価格 1,400円 + option surcharge 700"", ""7日 香港 マカオ （超高速無制限のトラフィック）(+700円) - 数量 : 999997""], ""usage_validity"": [""7日 香港 マカオ （超高速無制限のトラフィック）(+700円) - 数量 : 999997""], ""activation_validity"": [""【SKTelecoｍ公式認証】韓国eSIM 3日間(72時間) 電話番号付き 超高速データ無制限 最初の5分発信無料(韓国国内) LINE即日発行 ご購入日より120日以内 韓国SIM 1,980円 1,680円 4.9 (35,807)""], ""data_amount"": [""7日 香港 マカオ （超高速無制限のトラフィック）(+700円) - 数量 : 999997""], ""network_type"": [""qoo10_local_signal: 【SKTelecoｍ公式認証】韓国eSIM 3日間(72時間) 電話番号付き 超高速データ無制限 最初の5分発信無料(韓国国内) LINE即日発行 ご購入日より120日以内 韓国SIM 1,980円 1,680円 4.9 (35,807)""], ""carrier_support_kr"": [""【SKTelecoｍ公式認証】韓国eSIM 3日間(72時間) 電話番号付き 超高速データ無制限 最初の5分発信無料(韓国国内) LINE即日発行 ご購入日より120日以内 韓国SIM 1,980円 1,680円 4.9 (35,807)""], ""seller"": [""正規eSIM 超高速 安心保証⚡""], ""review_count"": [""search_result: 3""], ""seller_badge"": [""search_result: Power seller""], ""network_generation"": [""fallback_5g: network_generation: fallback_5g: network_generation: no_lte_4g_or_5g_keyword_matched"", ""fallback_4g_lte: network_generation: fallback_5g: network_generation: no_lte_4g_or_5g_keyword_matched"", ""fallback_only_network_generation_signal""], ""network_generation_inferred"": [""no_medium_generation_signal""]}"
qoo10_jp,hk,香港/マカオ周遊 eSIM／30日間／5GB使い切り／最短5分でQRコード即発行即利用可／LINEサポート／データ通信専用／simフリー端末のみ対応／マニュアル付き／パスポート情報不要・手続き不要,1280,,Good seller,134,,,,30일,30일,30일,local,unknown,5g_capable,medium,,"{""skt"": true, ""kt"": null, ""lgu"": null}",5GB,https://www.qoo10.jp/item/TORA-ESIM-%e9%a6%99%e6%b8%af-%e3%83%9e%e3%82%ab%e3%82%aa%e5%91%a8%e9%81%8a-ESIM%ef%bc%8f30%e6%97%a5%e9%96%93%ef%bc%8f5GB%e4%bd%bf%e3%81%84%e5%88%87%e3%82%8a%ef%bc%8f%e6%9c%80%e7%9f%ad5%e5%88%86%e3%81%a7QR%e3%82%b3%e3%83%bc%e3%83%89%e5%8d%b3%e7%99%ba%e8%a1%8c%e5%8d%b3%e5%88%a9%e7%94%a8%e5%8f%af%ef%bc%8fLINE%e3%82%b5%e3%83%9d%e3%83%bc%e3%83%88%ef%bc%8f%e3%83%87%e3%83%bc%e3%82%bf%e9%80%9a%e4%bf%a1%e5%b0%82%e7%94%a8%ef%bc%8fSIM%e3%83%95%e3%83%aa%e3%83%bc%e7%ab%af%e6%9c%ab/1150051675,,1150051675,TORA eSIM,,"{""title"": [""香港/マカオ周遊 eSIM／30日間／5GB使い切り／最短5分でQRコード即発行即利用可／LINEサポート／データ通信専用／simフリー端末のみ対応／マニュアル付き／パスポート情報不要・手続き不要""], ""option_candidates"": [""渡航先での利用開始期限は購入日より30日となります。""], ""representative_option"": [""渡航先での利用開始期限は購入日より30日となります。"", ""title_match_score=6""], ""price_jpy"": [""販売価格 1,280円 + option surcharge 0"", ""渡航先での利用開始期限は購入日より30日となります。""], ""usage_validity"": [""渡航先での利用開始期限は購入日より30日となります。""], ""activation_validity"": [""渡航先での利用開始期限は購入日より30日となります。""], ""data_amount"": [""香港/マカオ周遊 eSIM／30日間／5GB使い切り／最短5分でQRコード即発行即利用可／LINEサポート／データ通信専用／simフリー端末のみ対応／マニュアル付き／パスポート情報不要・手続き不要""], ""network_type"": [""qoo10_local_signal: 【SKTelecoｍ公式認証】韓国eSIM 3日間(72時間) 電話番号付き 超高速データ無制限 最初の5分発信無料(韓国国内) LINE即日発行 ご購入日より120日以内 韓国SIM 1,980円 1,680円 4.9 (35,807)""], ""carrier_support_kr"": [""【SKTelecoｍ公式認証】韓国eSIM 3日間(72時間) 電話番号付き 超高速データ無制限 最初の5分発信無料(韓国国内) LINE即日発行 ご購入日より120日以内 韓国SIM 1,980円 1,680円 4.9 (35,807)""], ""seller"": [""TORA eSIM""], ""seller_badge"": [""search_result: Good seller""], ""network_generation"": [""fallback_5g: network_generation: fallback_5g: network_generation: no_lte_4g_or_5g_keyword_matched"", ""fallback_4g_lte: network_generation: fallback_5g: network_generation: no_lte_4g_or_5g_keyword_matched"", ""fallback_only_network_generation_signal""], ""network_generation_inferred"": [""title: 香港/マカオ周遊 eSIM／30日間／5GB使い切り／最短5分でQRコード即発行即利用可／LINEサポート／データ通信専用／simフリー端末のみ対応／マニュアル付き／パスポート情報不要・手続き不要"", ""data_amount: 香港/マカオ周遊 eSIM／30日間／5GB使い切り／最短5分でQRコード即発行即利用可／LINEサポート／データ通信専用／simフリー端末のみ対応／マニュアル付き／パスポート情報不要・手続き不要""]}"
qoo10_jp,hk,香港/マカオ周遊 eSIM／30日間／20GB使い切り／最短5分でQRコード即発行即利用可／LINEサポート／データ通信専用／simフリー端末のみ対応／マニュアル付き／パスポート情報不要・手続き不要,2280,,Good seller,135,,,,30일,30일,30일,local,unknown,unknown,low,,"{""skt"": true, ""kt"": null, ""lgu"": null}",20GB,https://www.qoo10.jp/item/TORA-ESIM-%e9%a6%99%e6%b8%af-%e3%83%9e%e3%82%ab%e3%82%aa%e5%91%a8%e9%81%8a-ESIM%ef%bc%8f30%e6%97%a5%e9%96%93%ef%bc%8f20GB%e4%bd%bf%e3%81%84%e5%88%87%e3%82%8a%ef%bc%8f%e6%9c%80%e7%9f%ad5%e5%88%86%e3%81%a7QR%e3%82%b3%e3%83%bc%e3%83%89%e5%8d%b3%e7%99%ba%e8%a1%8c%e5%8d%b3%e5%88%a9%e7%94%a8%e5%8f%af%ef%bc%8fLINE%e3%82%b5%e3%83%9d%e3%83%bc%e3%83%88%ef%bc%8f%e3%83%87%e3%83%bc%e3%82%bf%e9%80%9a%e4%bf%a1%e5%b0%82%e7%94%a8%ef%bc%8fSIM%e3%83%95%e3%83%aa%e3%83%bc%e7%ab%af/1150051462,,1150051462,TORA eSIM,,"{""title"": [""香港/マカオ周遊 eSIM／30日間／20GB使い切り／最短5分でQRコード即発行即利用可／LINEサポート／データ通信専用／simフリー端末のみ対応／マニュアル付き／パスポート情報不要・手続き不要""], ""option_candidates"": [""渡航先での利用開始期限は購入日より30日となります。""], ""representative_option"": [""渡航先での利用開始期限は購入日より30日となります。"", ""title_match_score=6""], ""price_jpy"": [""販売価格 2,280円 + option surcharge 0"", ""渡航先での利用開始期限は購入日より30日となります。""], ""usage_validity"": [""渡航先での利用開始期限は購入日より30日となります。""], ""activation_validity"": [""渡航先での利用開始期限は購入日より30日となります。""], ""data_amount"": [""香港/マカオ周遊 eSIM／30日間／20GB使い切り／最短5分でQRコード即発行即利用可／LINEサポート／データ通信専用／simフリー端末のみ対応／マニュアル付き／パスポート情報不要・手続き不要""], ""network_type"": [""qoo10_local_signal: 【SKTelecoｍ公式認証】韓国eSIM 3日間(72時間) 電話番号付き 超高速データ無制限 最初の5分発信無料(韓国国内) LINE即日発行 ご購入日より120日以内 韓国SIM 1,980円 1,680円 4.9 (35,807)""], ""carrier_support_kr"": [""【SKTelecoｍ公式認証】韓国eSIM 3日間(72時間) 電話番号付き 超高速データ無制限 最初の5分発信無料(韓国国内) LINE即日発行 ご購入日より120日以内 韓国SIM 1,980円 1,680円 4.9 (35,807)""], ""seller"": [""TORA eSIM""], ""seller_badge"": [""search_result: Good seller""], ""network_generation"": [""fallback_5g: network_generation: fallback_5g: network_generation: no_lte_4g_or_5g_keyword_matched"", ""fallback_4g_lte: network_generation: fallback_5g: network_generation: no_lte_4g_or_5g_keyword_matched"", ""fallback_only_network_generation_signal""], ""network_generation_inferred"": [""no_medium_generation_signal""]}"
qoo10_jp,hk,香港/マカオ周遊 eSIM／30日間／10GB使い切り／最短5分でQRコード即発行即利用可／LINEサポート／データ通信専用／simフリー端末のみ対応／マニュアル付き／パスポート情報不要・手続き不要,1480,,Good seller,136,,,,30일,30일,30일,local,unknown,unknown,low,,"{""skt"": true, ""kt"": null, ""lgu"": null}",10GB,https://www.qoo10.jp/item/TORA-ESIM-%e9%a6%99%e6%b8%af-%e3%83%9e%e3%82%ab%e3%82%aa%e5%91%a8%e9%81%8a-ESIM%ef%bc%8f30%e6%97%a5%e9%96%93%ef%bc%8f10GB%e4%bd%bf%e3%81%84%e5%88%87%e3%82%8a%ef%bc%8f%e6%9c%80%e7%9f%ad5%e5%88%86%e3%81%a7QR%e3%82%b3%e3%83%bc%e3%83%89%e5%8d%b3%e7%99%ba%e8%a1%8c%e5%8d%b3%e5%88%a9%e7%94%a8%e5%8f%af%ef%bc%8fLINE%e3%82%b5%e3%83%9d%e3%83%bc%e3%83%88%ef%bc%8f%e3%83%87%e3%83%bc%e3%82%bf%e9%80%9a%e4%bf%a1%e5%b0%82%e7%94%a8%ef%bc%8fSIM%e3%83%95%e3%83%aa%e3%83%bc%e7%ab%af/1150051383,,1150051383,TORA eSIM,,"{""title"": [""香港/マカオ周遊 eSIM／30日間／10GB使い切り／最短5分でQRコード即発行即利用可／LINEサポート／データ通信専用／simフリー端末のみ対応／マニュアル付き／パスポート情報不要・手続き不要""], ""option_candidates"": [""渡航先での利用開始期限は購入日より30日となります。""], ""representative_option"": [""渡航先での利用開始期限は購入日より30日となります。"", ""title_match_score=6""], ""price_jpy"": [""販売価格 1,480円 + option surcharge 0"", ""渡航先での利用開始期限は購入日より30日となります。""], ""usage_validity"": [""渡航先での利用開始期限は購入日より30日となります。""], ""activation_validity"": [""渡航先での利用開始期限は購入日より30日となります。""], ""data_amount"": [""香港/マカオ周遊 eSIM／30日間／10GB使い切り／最短5分でQRコード即発行即利用可／LINEサポート／データ通信専用／simフリー端末のみ対応／マニュアル付き／パスポート情報不要・手続き不要""], ""network_type"": [""qoo10_local_signal: 【SKTelecoｍ公式認証】韓国eSIM 3日間(72時間) 電話番号付き 超高速データ無制限 最初の5分発信無料(韓国国内) LINE即日発行 ご購入日より120日以内 韓国SIM 1,980円 1,680円 4.9 (35,807)""], ""carrier_support_kr"": [""【SKTelecoｍ公式認証】韓国eSIM 3日間(72時間) 電話番号付き 超高速データ無制限 最初の5分発信無料(韓国国内) LINE即日発行 ご購入日より120日以内 韓国SIM 1,980円 1,680円 4.9 (35,807)""], ""seller"": [""TORA eSIM""], ""seller_badge"": [""search_result: Good seller""], ""network_generation"": [""fallback_5g: network_generation: fallback_5g: network_generation: no_lte_4g_or_5g_keyword_matched"", ""fallback_4g_lte: network_generation: fallback_5g: network_generation: no_lte_4g_or_5g_keyword_matched"", ""fallback_only_network_generation_signal""], ""network_generation_inferred"": [""no_medium_generation_signal""]}"
qoo10_jp,hk,香港 eSIM 即日発行 ・30日間／20GB使い切り・高速通信・5G／4G対応・現地即接続・設定簡単・テザリング可・留学／長期滞在向け・最短5分QRコード発行・LINEサポート付き,2250,,Good seller,151,,,,30일,30일,30일,local,unknown,5g_capable,medium,,"{""skt"": true, ""kt"": null, ""lgu"": null}",20GB,https://www.qoo10.jp/item/TORA-ESIM-%e9%a6%99%e6%b8%af-ESIM-%e5%8d%b3%e6%97%a5%e7%99%ba%e8%a1%8c-%e3%83%bb30%e6%97%a5%e9%96%93%ef%bc%8f20GB%e4%bd%bf%e3%81%84%e5%88%87%e3%82%8a%e3%83%bb%e9%ab%98%e9%80%9f%e9%80%9a%e4%bf%a1%e3%83%bb5G%ef%bc%8f4G%e5%af%be%e5%bf%9c%e3%83%bb%e7%8f%be%e5%9c%b0%e5%8d%b3%e6%8e%a5%e7%b6%9a%e3%83%bb%e8%a8%ad%e5%ae%9a%e7%b0%a1%e5%8d%98%e3%83%bb%e3%83%86%e3%82%b6%e3%83%aa%e3%83%b3%e3%82%b0%e5%8f%af%e3%83%bb%e7%95%99%e5%ad%a6%ef%bc%8f%e9%95%b7%e6%9c%9f%e6%bb%9e%e5%9c%a8%e5%90%91%e3%81%91%e3%83%bb%e6%9c%80/1150047822,,1150047822,TORA eSIM,,"{""title"": [""香港 eSIM 即日発行 ・30日間／20GB使い切り・高速通信・5G／4G対応・現地即接続・設定簡単・テザリング可・留学／長期滞在向け・最短5分QRコード発行・LINEサポート付き""], ""option_candidates"": [""渡航先での利用開始期限は購入日より30日となります。""], ""representative_option"": [""渡航先での利用開始期限は購入日より30日となります。"", ""title_match_score=6""], ""price_jpy"": [""販売価格 2,250円 + option surcharge 0"", ""渡航先での利用開始期限は購入日より30日となります。""], ""usage_validity"": [""渡航先での利用開始期限は購入日より30日となります。""], ""activation_validity"": [""渡航先での利用開始期限は購入日より30日となります。""], ""data_amount"": [""香港 eSIM 即日発行 ・30日間／20GB使い切り・高速通信・5G／4G対応・現地即接続・設定簡単・テザリング可・留学／長期滞在向け・最短5分QRコード発行・LINEサポート付き""], ""network_type"": [""qoo10_local_signal: 【SKTelecoｍ公式認証】韓国eSIM 3日間(72時間) 電話番号付き 超高速データ無制限 最初の5分発信無料(韓国国内) LINE即日発行 ご購入日より120日以内 韓国SIM 1,980円 1,680円 4.9 (35,807)""], ""carrier_support_kr"": [""【SKTelecoｍ公式認証】韓国eSIM 3日間(72時間) 電話番号付き 超高速データ無制限 最初の5分発信無料(韓国国内) LINE即日発行 ご購入日より120日以内 韓国SIM 1,980円 1,680円 4.9 (35,807)""], ""seller"": [""TORA eSIM""], ""seller_badge"": [""search_result: Good seller""], ""network_generation"": [""strong_4g_lte: title: 香港 eSIM 即日発行 ・30日間／20GB使い切り・高速通信・5G／4G対応・現地即接続・設定簡単・テザリング可・留学／長期滞在向け・最短5分QRコード発行・LINEサポート付き"", ""fallback_5g: network_generation: strong_4g_lte: title: 香港 eSIM 即日発行 ・30日間／20GB使い切り・高速通信・5G／4G対応・現地即接続・設定簡単・テザリング可・留学／長期滞在向け・最短5分QRコード発行・LINEサポート付き"", ""fallback_5g_conflicts_with_strong_4g_lte""], ""network_generation_inferred"": [""title: 香港 eSIM 即日発行 ・30日間／20GB使い切り・高速通信・5G／4G対応・現地即接続・設定簡単・テザリング可・留学／長期滞在向け・最短5分QRコード発行・LINEサポート付き"", ""data_amount: 香港 eSIM 即日発行 ・30日間／20GB使い切り・高速通信・5G／4G対応・現地即接続・設定簡単・テザリング可・留学／長期滞在向け・最短5分QRコード発行・LINEサポート付き""]}"
qoo10_jp,hk,香港 eSIM 即日発行 ・30日間／5GB使い切り・高速通信・5G／4G対応・現地即接続・設定簡単・テザリング可・留学／長期滞在向け・最短5分QRコード発行・LINEサポート付き,1250,,Good seller,150,,,,30일,30일,30일,local,unknown,5g_capable,medium,,"{""skt"": true, ""kt"": null, ""lgu"": null}",5GB,https://www.qoo10.jp/item/TORA-ESIM-%e9%a6%99%e6%b8%af-ESIM-%e5%8d%b3%e6%97%a5%e7%99%ba%e8%a1%8c-%e3%83%bb30%e6%97%a5%e9%96%93%ef%bc%8f5GB%e4%bd%bf%e3%81%84%e5%88%87%e3%82%8a%e3%83%bb%e9%ab%98%e9%80%9f%e9%80%9a%e4%bf%a1%e3%83%bb5G%ef%bc%8f4G%e5%af%be%e5%bf%9c%e3%83%bb%e7%8f%be%e5%9c%b0%e5%8d%b3%e6%8e%a5%e7%b6%9a%e3%83%bb%e8%a8%ad%e5%ae%9a%e7%b0%a1%e5%8d%98%e3%83%bb%e3%83%86%e3%82%b6%e3%83%aa%e3%83%b3%e3%82%b0%e5%8f%af%e3%83%bb%e7%95%99%e5%ad%a6%ef%bc%8f%e9%95%b7%e6%9c%9f%e6%bb%9e%e5%9c%a8%e5%90%91%e3%81%91%e3%83%bb%e6%9c%80%e7%9f%ad/1150047849,,1150047849,TORA eSIM,,"{""title"": [""香港 eSIM 即日発行 ・30日間／5GB使い切り・高速通信・5G／4G対応・現地即接続・設定簡単・テザリング可・留学／長期滞在向け・最短5分QRコード発行・LINEサポート付き""], ""option_candidates"": [""渡航先での利用開始期限は購入日より30日となります。""], ""representative_option"": [""渡航先での利用開始期限は購入日より30日となります。"", ""title_match_score=6""], ""price_jpy"": [""販売価格 1,250円 + option surcharge 0"", ""渡航先での利用開始期限は購入日より30日となります。""], ""usage_validity"": [""渡航先での利用開始期限は購入日より30日となります。""], ""activation_validity"": [""渡航先での利用開始期限は購入日より30日となります。""], ""data_amount"": [""香港 eSIM 即日発行 ・30日間／5GB使い切り・高速通信・5G／4G対応・現地即接続・設定簡単・テザリング可・留学／長期滞在向け・最短5分QRコード発行・LINEサポート付き""], ""network_type"": [""qoo10_local_signal: 【SKTelecoｍ公式認証】韓国eSIM 3日間(72時間) 電話番号付き 超高速データ無制限 最初の5分発信無料(韓国国内) LINE即日発行 ご購入日より120日以内 韓国SIM 1,980円 1,680円 4.9 (35,807)""], ""carrier_support_kr"": [""【SKTelecoｍ公式認証】韓国eSIM 3日間(72時間) 電話番号付き 超高速データ無制限 最初の5分発信無料(韓国国内) LINE即日発行 ご購入日より120日以内 韓国SIM 1,980円 1,680円 4.9 (35,807)""], ""seller"": [""TORA eSIM""], ""seller_badge"": [""search_result: Good seller""], ""network_generation"": [""strong_4g_lte: title: 香港 eSIM 即日発行 ・30日間／5GB使い切り・高速通信・5G／4G対応・現地即接続・設定簡単・テザリング可・留学／長期滞在向け・最短5分QRコード発行・LINEサポート付き"", ""fallback_5g: network_generation: strong_4g_lte: title: 香港 eSIM 即日発行 ・30日間／5GB使い切り・高速通信・5G／4G対応・現地即接続・設定簡単・テザリング可・留学／長期滞在向け・最短5分QRコード発行・LINEサポート付き"", ""fallback_5g_conflicts_with_strong_4g_lte""], ""network_generation_inferred"": [""title: 香港 eSIM 即日発行 ・30日間／5GB使い切り・高速通信・5G／4G対応・現地即接続・設定簡単・テザリング可・留学／長期滞在向け・最短5分QRコード発行・LINEサポート付き"", ""data_amount: 香港 eSIM 即日発行 ・30日間／5GB使い切り・高速通信・5G／4G対応・現地即接続・設定簡単・テザリング可・留学／長期滞在向け・最短5分QRコード発行・LINEサポート付き""]}"
qoo10_jp,hk,香港 eSIM 即日発行 ・30日間／10GB使い切り・高速通信・5G／4G対応・現地即接続・設定簡単・テザリング可・留学／長期滞在向け・最短5分QRコード発行・LINEサポート付き,1450,,Good seller,152,,,,30일,30일,30일,local,unknown,5g_capable,medium,,"{""skt"": true, ""kt"": null, ""lgu"": null}",10GB,https://www.qoo10.jp/item/TORA-ESIM-%e9%a6%99%e6%b8%af-ESIM-%e5%8d%b3%e6%97%a5%e7%99%ba%e8%a1%8c-%e3%83%bb30%e6%97%a5%e9%96%93%ef%bc%8f10GB%e4%bd%bf%e3%81%84%e5%88%87%e3%82%8a%e3%83%bb%e9%ab%98%e9%80%9f%e9%80%9a%e4%bf%a1%e3%83%bb5G%ef%bc%8f4G%e5%af%be%e5%bf%9c%e3%83%bb%e7%8f%be%e5%9c%b0%e5%8d%b3%e6%8e%a5%e7%b6%9a%e3%83%bb%e8%a8%ad%e5%ae%9a%e7%b0%a1%e5%8d%98%e3%83%bb%e3%83%86%e3%82%b6%e3%83%aa%e3%83%b3%e3%82%b0%e5%8f%af%e3%83%bb%e7%95%99%e5%ad%a6%ef%bc%8f%e9%95%b7%e6%9c%9f%e6%bb%9e%e5%9c%a8%e5%90%91%e3%81%91%e3%83%bb%e6%9c%80/1150045910,,1150045910,TORA eSIM,,"{""title"": [""香港 eSIM 即日発行 ・30日間／10GB使い切り・高速通信・5G／4G対応・現地即接続・設定簡単・テザリング可・留学／長期滞在向け・最短5分QRコード発行・LINEサポート付き""], ""option_candidates"": [""渡航先での利用開始期限は購入日より30日となります。""], ""representative_option"": [""渡航先での利用開始期限は購入日より30日となります。"", ""title_match_score=6""], ""price_jpy"": [""販売価格 1,450円 + option surcharge 0"", ""渡航先での利用開始期限は購入日より30日となります。""], ""usage_validity"": [""渡航先での利用開始期限は購入日より30日となります。""], ""activation_validity"": [""渡航先での利用開始期限は購入日より30日となります。""], ""data_amount"": [""香港 eSIM 即日発行 ・30日間／10GB使い切り・高速通信・5G／4G対応・現地即接続・設定簡単・テザリング可・留学／長期滞在向け・最短5分QRコード発行・LINEサポート付き""], ""network_type"": [""qoo10_local_signal: 【SKTelecoｍ公式認証】韓国eSIM 3日間(72時間) 電話番号付き 超高速データ無制限 最初の5分発信無料(韓国国内) LINE即日発行 ご購入日より120日以内 韓国SIM 1,980円 1,680円 4.9 (35,807)""], ""carrier_support_kr"": [""【SKTelecoｍ公式認証】韓国eSIM 3日間(72時間) 電話番号付き 超高速データ無制限 最初の5分発信無料(韓国国内) LINE即日発行 ご購入日より120日以内 韓国SIM 1,980円 1,680円 4.9 (35,807)""], ""seller"": [""TORA eSIM""], ""seller_badge"": [""search_result: Good seller""], ""network_generation"": [""strong_4g_lte: title: 香港 eSIM 即日発行 ・30日間／10GB使い切り・高速通信・5G／4G対応・現地即接続・設定簡単・テザリング可・留学／長期滞在向け・最短5分QRコード発行・LINEサポート付き"", ""fallback_5g: network_generation: strong_4g_lte: title: 香港 eSIM 即日発行 ・30日間／10GB使い切り・高速通信・5G／4G対応・現地即接続・設定簡単・テザリング可・留学／長期滞在向け・最短5分QRコード発行・LINEサポート付き"", ""fallback_5g_conflicts_with_strong_4g_lte""], ""network_generation_inferred"": [""title: 香港 eSIM 即日発行 ・30日間／10GB使い切り・高速通信・5G／4G対応・現地即接続・設定簡単・テザリング可・留学／長期滞在向け・最短5分QRコード発行・LINEサポート付き"", ""data_amount: 香港 eSIM 即日発行 ・30日間／10GB使い切り・高速通信・5G／4G対応・現地即接続・設定簡単・テザリング可・留学／長期滞在向け・最短5分QRコード発行・LINEサポート付き""]}"
qoo10_jp,hk,中国 /香港周遊 eSIM／中国ネット規制対象外／中国でもGoogleLINEYouTubeなどVPNなしで利用可能／30日間／5GB使い切り／最短5分でQRコード即発行即利用可／LINEサポート,1550,,Good seller,166,,,,30일,30일,30일,unknown,unknown,5g_capable,medium,,"{""skt"": true, ""kt"": null, ""lgu"": null}",5GB,https://www.qoo10.jp/item/TORA-ESIM-%e4%b8%ad%e5%9b%bd-%e9%a6%99%e6%b8%af%e5%91%a8%e9%81%8a-ESIM%ef%bc%8f%e4%b8%ad%e5%9b%bd%e3%83%8d%e3%83%83%e3%83%88%e8%a6%8f%e5%88%b6%e5%af%be%e8%b1%a1%e5%a4%96%ef%bc%8f%e4%b8%ad%e5%9b%bd%e3%81%a7%e3%82%82GOOGLELINEYOUTUBE%e3%81%aa%e3%81%a9VPN%e3%81%aa%e3%81%97%e3%81%a7%e5%88%a9%e7%94%a8%e5%8f%af%e8%83%bd%ef%bc%8f30%e6%97%a5%e9%96%93%ef%bc%8f5GB%e4%bd%bf%e3%81%84%e5%88%87%e3%82%8a/1146913987,,1146913987,TORA eSIM,,"{""title"": [""中国 /香港周遊 eSIM／中国ネット規制対象外／中国でもGoogleLINEYouTubeなどVPNなしで利用可能／30日間／5GB使い切り／最短5分でQRコード即発行即利用可／LINEサポート""], ""option_candidates"": [""渡航先での利用開始期限は購入日より30日となります。""], ""representative_option"": [""渡航先での利用開始期限は購入日より30日となります。"", ""title_match_score=6""], ""price_jpy"": [""販売価格 1,550円 + option surcharge 0"", ""渡航先での利用開始期限は購入日より30日となります。""], ""usage_validity"": [""渡航先での利用開始期限は購入日より30日となります。""], ""activation_validity"": [""渡航先での利用開始期限は購入日より30日となります。""], ""data_amount"": [""中国 /香港周遊 eSIM／中国ネット規制対象外／中国でもGoogleLINEYouTubeなどVPNなしで利用可能／30日間／5GB使い切り／最短5分でQRコード即発行即利用可／LINEサポート""], ""network_type"": [""qoo10_local_signal: 【SKTelecoｍ公式認証】韓国eSIM 3日間(72時間) 電話番号付き 超高速データ無制限 最初の5分発信無料(韓国国内) LINE即日発行 ご購入日より120日以内 韓国SIM 1,980円 1,680円 4.9 (35,807)"", ""local_claim_refers_to:cn""], ""carrier_support_kr"": [""【SKTelecoｍ公式認証】韓国eSIM 3日間(72時間) 電話番号付き 超高速データ無制限 最初の5分発信無料(韓国国内) LINE即日発行 ご購入日より120日以内 韓国SIM 1,980円 1,680円 4.9 (35,807)""], ""seller"": [""TORA eSIM""], ""seller_badge"": [""search_result: Good seller""], ""network_generation"": [""fallback_5g: network_generation: fallback_5g: network_generation: no_lte_4g_or_5g_keyword_matched"", ""fallback_4g_lte: network_generation: fallback_5g: network_generation: no_lte_4g_or_5g_keyword_matched"", ""fallback_only_network_generation_signal""], ""network_generation_inferred"": [""title: 中国 /香港周遊 eSIM／中国ネット規制対象外／中国でもGoogleLINEYouTubeなどVPNなしで利用可能／30日間／5GB使い切り／最短5分でQRコード即発行即利用可／LINEサポート"", ""data_amount: 中国 /香港周遊 eSIM／中国ネット規制対象外／中国でもGoogleLINEYouTubeなどVPNなしで利用可能／30日間／5GB使い切り／最短5分でQRコード即発行即利用可／LINEサポート""]}"
qoo10_jp,hk,中国 /香港周遊 eSIM／中国ネット規制対象外／中国でもGoogleLINEYouTubeなどVPNなしで利用可能／30日間／20GB使い切り／最短5分でQRコード即発行即利用可／LINEサポー,2850,1,Good seller,167,,,,30일,30일,30일,unknown,unknown,unknown,low,,"{""skt"": true, ""kt"": null, ""lgu"": null}",20GB,https://www.qoo10.jp/item/TORA-ESIM-%e4%b8%ad%e5%9b%bd-%e9%a6%99%e6%b8%af%e5%91%a8%e9%81%8a-ESIM%ef%bc%8f%e4%b8%ad%e5%9b%bd%e3%83%8d%e3%83%83%e3%83%88%e8%a6%8f%e5%88%b6%e5%af%be%e8%b1%a1%e5%a4%96%ef%bc%8f%e4%b8%ad%e5%9b%bd%e3%81%a7%e3%82%82GOOGLELINEYOUTUBE%e3%81%aa%e3%81%a9VPN%e3%81%aa%e3%81%97%e3%81%a7%e5%88%a9%e7%94%a8%e5%8f%af%e8%83%bd%ef%bc%8f30%e6%97%a5%e9%96%93%ef%bc%8f20GB%e4%bd%bf%e3%81%84%e5%88%87/1146913935,,1146913935,TORA eSIM,,"{""title"": [""中国 /香港周遊 eSIM／中国ネット規制対象外／中国でもGoogleLINEYouTubeなどVPNなしで利用可能／30日間／20GB使い切り／最短5分でQRコード即発行即利用可／LINEサポー""], ""option_candidates"": [""渡航先での利用開始期限は購入日より30日となります。""], ""representative_option"": [""渡航先での利用開始期限は購入日より30日となります。"", ""title_match_score=6""], ""price_jpy"": [""販売価格 2,850円 + option surcharge 0"", ""渡航先での利用開始期限は購入日より30日となります。""], ""usage_validity"": [""渡航先での利用開始期限は購入日より30日となります。""], ""activation_validity"": [""渡航先での利用開始期限は購入日より30日となります。""], ""data_amount"": [""中国 /香港周遊 eSIM／中国ネット規制対象外／中国でもGoogleLINEYouTubeなどVPNなしで利用可能／30日間／20GB使い切り／最短5分でQRコード即発行即利用可／LINEサポー""], ""network_type"": [""qoo10_local_signal: 【SKTelecoｍ公式認証】韓国eSIM 3日間(72時間) 電話番号付き 超高速データ無制限 最初の5分発信無料(韓国国内) LINE即日発行 ご購入日より120日以内 韓国SIM 1,980円 1,680円 4.9 (35,807)"", ""local_claim_refers_to:cn""], ""carrier_support_kr"": [""【SKTelecoｍ公式認証】韓国eSIM 3日間(72時間) 電話番号付き 超高速データ無制限 最初の5分発信無料(韓国国内) LINE即日発行 ご購入日より120日以内 韓国SIM 1,980円 1,680円 4.9 (35,807)""], ""seller"": [""TORA eSIM""], ""review_count"": [""search_result: 1""], ""seller_badge"": [""search_result: Good seller""], ""network_generation"": [""fallback_5g: network_generation: fallback_5g: network_generation: no_lte_4g_or_5g_keyword_matched"", ""fallback_4g_lte: network_generation: fallback_5g: network_generation: no_lte_4g_or_5g_keyword_matched"", ""fallback_only_network_generation_signal""], ""network_generation_inferred"": [""no_medium_generation_signal""]}"
qoo10_jp,hk,中国 /香港周遊 eSIM／中国ネット規制対象外／中国でもGoogleLINEYouTubeなどVPNなしで利用可能／30日間／10GB使い切り／最短5分でQRコード即発行即利用可／LINEサポー,1850,,Good seller,168,,,,30일,30일,30일,unknown,unknown,unknown,low,,"{""skt"": true, ""kt"": null, ""lgu"": null}",10GB,https://www.qoo10.jp/item/TORA-ESIM-%e4%b8%ad%e5%9b%bd-%e9%a6%99%e6%b8%af%e5%91%a8%e9%81%8a-ESIM%ef%bc%8f%e4%b8%ad%e5%9b%bd%e3%83%8d%e3%83%83%e3%83%88%e8%a6%8f%e5%88%b6%e5%af%be%e8%b1%a1%e5%a4%96%ef%bc%8f%e4%b8%ad%e5%9b%bd%e3%81%a7%e3%82%82GOOGLELINEYOUTUBE%e3%81%aa%e3%81%a9VPN%e3%81%aa%e3%81%97%e3%81%a7%e5%88%a9%e7%94%a8%e5%8f%af%e8%83%bd%ef%bc%8f30%e6%97%a5%e9%96%93%ef%bc%8f10GB%e4%bd%bf%e3%81%84%e5%88%87/1146913893,,1146913893,TORA eSIM,,"{""title"": [""中国 /香港周遊 eSIM／中国ネット規制対象外／中国でもGoogleLINEYouTubeなどVPNなしで利用可能／30日間／10GB使い切り／最短5分でQRコード即発行即利用可／LINEサポー""], ""option_candidates"": [""渡航先での利用開始期限は購入日より30日となります。""], ""representative_option"": [""渡航先での利用開始期限は購入日より30日となります。"", ""title_match_score=6""], ""price_jpy"": [""販売価格 1,850円 + option surcharge 0"", ""渡航先での利用開始期限は購入日より30日となります。""], ""usage_validity"": [""渡航先での利用開始期限は購入日より30日となります。""], ""activation_validity"": [""渡航先での利用開始期限は購入日より30日となります。""], ""data_amount"": [""中国 /香港周遊 eSIM／中国ネット規制対象外／中国でもGoogleLINEYouTubeなどVPNなしで利用可能／30日間／10GB使い切り／最短5分でQRコード即発行即利用可／LINEサポー""], ""network_type"": [""qoo10_local_signal: 【SKTelecoｍ公式認証】韓国eSIM 3日間(72時間) 電話番号付き 超高速データ無制限 最初の5分発信無料(韓国国内) LINE即日発行 ご購入日より120日以内 韓国SIM 1,980円 1,680円 4.9 (35,807)"", ""local_claim_refers_to:cn""], ""carrier_support_kr"": [""【SKTelecoｍ公式認証】韓国eSIM 3日間(72時間) 電話番号付き 超高速データ無制限 最初の5分発信無料(韓国国内) LINE即日発行 ご購入日より120日以内 韓国SIM 1,980円 1,680円 4.9 (35,807)""], ""seller"": [""TORA eSIM""], ""seller_badge"": [""search_result: Good seller""], ""network_generation"": [""fallback_5g: network_generation: fallback_5g: network_generation: no_lte_4g_or_5g_keyword_matched"", ""fallback_4g_lte: network_generation: fallback_5g: network_generation: no_lte_4g_or_5g_keyword_matched"", ""fallback_only_network_generation_signal""], ""network_generation_inferred"": [""no_medium_generation_signal""]}"
qoo10_jp,hk,中国 /香港周遊 eSIM／中国ネット規制対象外／中国でもGoogleLINEYouTubeなどVPNなしで利用可能／30日間／無制限／最短5分でQRコード即発行即利用可／LINEサポート／,12200,,Good seller,180,,,,30일,30일,30일,unknown,unknown,unknown,low,,"{""skt"": true, ""kt"": null, ""lgu"": null}",unlimited,https://www.qoo10.jp/item/TORA-ESIM-%e4%b8%ad%e5%9b%bd-%e9%a6%99%e6%b8%af%e5%91%a8%e9%81%8a-ESIM%ef%bc%8f%e4%b8%ad%e5%9b%bd%e3%83%8d%e3%83%83%e3%83%88%e8%a6%8f%e5%88%b6%e5%af%be%e8%b1%a1%e5%a4%96%ef%bc%8f%e4%b8%ad%e5%9b%bd%e3%81%a7%e3%82%82GOOGLELINEYOUTUBE%e3%81%aa%e3%81%a9VPN%e3%81%aa%e3%81%97%e3%81%a7%e5%88%a9%e7%94%a8%e5%8f%af%e8%83%bd%ef%bc%8f30%e6%97%a5%e9%96%93%ef%bc%8f%e7%84%a1%e5%88%b6%e9%99%90%ef%bc%8f%e6%9c%80%e7%9f%ad5/1146524533,,1146524533,TORA eSIM,,"{""title"": [""中国 /香港周遊 eSIM／中国ネット規制対象外／中国でもGoogleLINEYouTubeなどVPNなしで利用可能／30日間／無制限／最短5分でQRコード即発行即利用可／LINEサポート／""], ""option_candidates"": [""渡航先での利用開始期限は購入日より30日となります。""], ""representative_option"": [""渡航先での利用開始期限は購入日より30日となります。"", ""title_match_score=6""], ""price_jpy"": [""販売価格 12,200円 + option surcharge 0"", ""渡航先での利用開始期限は購入日より30日となります。""], ""usage_validity"": [""渡航先での利用開始期限は購入日より30日となります。""], ""activation_validity"": [""渡航先での利用開始期限は購入日より30日となります。""], ""data_amount"": [""中国 /香港周遊 eSIM／中国ネット規制対象外／中国でもGoogleLINEYouTubeなどVPNなしで利用可能／30日間／無制限／最短5分でQRコード即発行即利用可／LINEサポート／""], ""network_type"": [""qoo10_local_signal: 【SKTelecoｍ公式認証】韓国eSIM 3日間(72時間) 電話番号付き 超高速データ無制限 最初の5分発信無料(韓国国内) LINE即日発行 ご購入日より120日以内 韓国SIM 1,980円 1,680円 4.9 (35,807)"", ""local_claim_refers_to:cn""], ""carrier_support_kr"": [""【SKTelecoｍ公式認証】韓国eSIM 3日間(72時間) 電話番号付き 超高速データ無制限 最初の5分発信無料(韓国国内) LINE即日発行 ご購入日より120日以内 韓国SIM 1,980円 1,680円 4.9 (35,807)""], ""seller"": [""TORA eSIM""], ""seller_badge"": [""search_result: Good seller""], ""network_generation"": [""fallback_5g: network_generation: fallback_5g: network_generation: no_lte_4g_or_5g_keyword_matched"", ""fallback_4g_lte: network_generation: fallback_5g: network_generation: no_lte_4g_or_5g_keyword_matched"", ""fallback_only_network_generation_signal""], ""network_generation_inferred"": [""no_medium_generation_signal""]}"
qoo10_jp,hk,香港 eSIM 即日発行 ・30日間／無制限・高速通信・5G／4G対応・現地即接続・設定簡単・テザリング可・留学／長期滞在向け・最短5分QRコード発行・LINEサポート付き,8000,,Good seller,193,,,,30일,30일,30일,local,unknown,5g_capable,medium,,"{""skt"": true, ""kt"": null, ""lgu"": null}",unlimited,https://www.qoo10.jp/item/TORA-ESIM-%e9%a6%99%e6%b8%af-ESIM-%e5%8d%b3%e6%97%a5%e7%99%ba%e8%a1%8c-%e3%83%bb30%e6%97%a5%e9%96%93%ef%bc%8f%e7%84%a1%e5%88%b6%e9%99%90%e3%83%bb%e9%ab%98%e9%80%9f%e9%80%9a%e4%bf%a1%e3%83%bb5G%ef%bc%8f4G%e5%af%be%e5%bf%9c%e3%83%bb%e7%8f%be%e5%9c%b0%e5%8d%b3%e6%8e%a5%e7%b6%9a%e3%83%bb%e8%a8%ad%e5%ae%9a%e7%b0%a1%e5%8d%98%e3%83%bb%e3%83%86%e3%82%b6%e3%83%aa%e3%83%b3%e3%82%b0%e5%8f%af%e3%83%bb%e7%95%99%e5%ad%a6%ef%bc%8f%e9%95%b7%e6%9c%9f%e6%bb%9e%e5%9c%a8%e5%90%91%e3%81%91%e3%83%bb%e6%9c%80%e7%9f%ad5%e5%88%86QR/1146504307,,1146504307,TORA eSIM,,"{""title"": [""香港 eSIM 即日発行 ・30日間／無制限・高速通信・5G／4G対応・現地即接続・設定簡単・テザリング可・留学／長期滞在向け・最短5分QRコード発行・LINEサポート付き""], ""option_candidates"": [""渡航先での利用開始期限は購入日より30日となります。""], ""representative_option"": [""渡航先での利用開始期限は購入日より30日となります。"", ""title_match_score=6""], ""price_jpy"": [""販売価格 8,000円 + option surcharge 0"", ""渡航先での利用開始期限は購入日より30日となります。""], ""usage_validity"": [""渡航先での利用開始期限は購入日より30日となります。""], ""activation_validity"": [""渡航先での利用開始期限は購入日より30日となります。""], ""data_amount"": [""香港 eSIM 即日発行 ・30日間／無制限・高速通信・5G／4G対応・現地即接続・設定簡単・テザリング可・留学／長期滞在向け・最短5分QRコード発行・LINEサポート付き""], ""network_type"": [""qoo10_local_signal: 【SKTelecoｍ公式認証】韓国eSIM 3日間(72時間) 電話番号付き 超高速データ無制限 最初の5分発信無料(韓国国内) LINE即日発行 ご購入日より120日以内 韓国SIM 1,980円 1,680円 4.9 (35,807)""], ""carrier_support_kr"": [""【SKTelecoｍ公式認証】韓国eSIM 3日間(72時間) 電話番号付き 超高速データ無制限 最初の5分発信無料(韓国国内) LINE即日発行 ご購入日より120日以内 韓国SIM 1,980円 1,680円 4.9 (35,807)""], ""seller"": [""TORA eSIM""], ""seller_badge"": [""search_result: Good seller""], ""network_generation"": [""strong_4g_lte: title: 香港 eSIM 即日発行 ・30日間／無制限・高速通信・5G／4G対応・現地即接続・設定簡単・テザリング可・留学／長期滞在向け・最短5分QRコード発行・LINEサポート付き"", ""fallback_5g: network_generation: strong_4g_lte: title: 香港 eSIM 即日発行 ・30日間／無制限・高速通信・5G／4G対応・現地即接続・設定簡単・テザリング可・留学／長期滞在向け・最短5分QRコード発行・LINEサポート付き"", ""fallback_5g_conflicts_with_strong_4g_lte""], ""network_generation_inferred"": [""title: 香港 eSIM 即日発行 ・30日間／無制限・高速通信・5G／4G対応・現地即接続・設定簡単・テザリング可・留学／長期滞在向け・最短5分QRコード発行・LINEサポート付き"", ""data_amount: 香港 eSIM 即日発行 ・30日間／無制限・高速通信・5G／4G対応・現地即接続・設定簡単・テザリング可・留学／長期滞在向け・最短5分QRコード発行・LINEサポート付き""]}"
